234 7,10,2,6,8,5,11,9,3,4,0,1
1 39,38,21,33,29,30,35,25,41,37,18,26,34,27,28,40,36,19,15,20,13,14,24,32,17,31,22,23,16,12
4 49,50,53,52,48,45,51,44,47,43,46,42
16 64,57,56,61,65,58,63,60,54,55,62,59
18 109,111,113,95,92,90,67,99,68,106,97,76,98,78,80,74,88,87,105,108,107,110,82,81,73,70,112,75,94,77,72,79,102,104,101,83,85,91,69,103,71,93,89,100,96,86,84,66
19 125,114,115,118,117,119,123,124,121,122,120,116
21 130,126,155,143,160,140,139,161,153,148,141,138,131,150,149,132,158,127,142,146,134,156,159,145,133,128,129,157,151,137,154,135,152,144,136,147
23 165,162,177,175,167,166,179,174,163,171,168,178,164,170,169,176,173,172
24 191,190,189,184,183,181,188,180,187,182,186,185
25 193,194,192,198,196,197,202,195,199,200,201,203
28 217,221,209,206,204,216,220,208,218,219,215,210,214,212,205,211,207,213
30 239,237,227,235,229,225,226,232,236,233,231,228,223,234,238,230,222,224
31 255,253,256,247,248,245,241,254,242,251,246,240,249,244,252,250,243,257
32 265,279,264,269,260,278,266,263,273,275,281,277,280,261,271,262,270,268,259,276,274,258,272,267
216 322,323,321,294,302,306,308,317,288,315,319,309,304,295,320,284,314,299,318,293,311,298,305,312,285,300,303,297,289,286,307,301,283,290,310,291,296,282,292,313,316,287
34 328,370,372,363,371,348,349,332,367,376,362,361,366,354,337,351,373,327,342,346,335,344,360,330,368,377,336,353,357,341,331,334,326,365,364,369,324,329,356,374,340,358,333,375,347,343,359,350,345,325,355,339,352,338
40 383,395,394,393,390,391,389,381,387,386,384,380,378,379,385,392,382,388
41 404,397,402,413,405,410,400,399,403,408,406,412,411,401,409,396,407,398
42 418,428,430,426,424,419,431,425,417,415,427,414,416,423,421,429,420,422
199 437,436,434,435,432,433
160 472,440,471,473,452,448,465,451,464,438,469,459,453,444,467,462,460,439,454,468,449,470,441,466,445,447,446,456,443,463,457,455,450,458,461,442
47 487,512,517,503,489,519,474,511,497,520,477,491,479,483,513,478,508,514,486,516,488,480,518,494,501,496,500,490,521,507,499,476,502,475,492,505,504,515,495,509,482,481,484,506,493,485,498,510
78 548,549,547,544,540,551,543,531,527,536,539,524,541,526,538,537,535,530,545,542,528,534,522,529,532,523,533,550,546,525
48 563,552,562,554,559,558,561,560,555,557,556,553
53 564,575,572,574,571,565,570,568,569,573,566,567
250 593,590,576,585,578,591,577,586,584,581,587,579,580,589,588,592,582,583
49 595,603,602,605,596,604,597,601,598,594,599,600
257 607,606,608,609,611,610
22 615,622,619,620,618,623,612,617,616,614,613,621
67 652,654,657,651,656,642,648,640,634,627,637,644,639,646,632,624,625,641,655,645,628,630,633,636,643,631,659,629,626,649,635,653,650,658,638,647
68 676,690,691,695,692,666,688,665,687,693,663,694,679,689,685,671,683,674,673,682,680,678,662,667,669,677,668,670,675,672,660,686,681,664,661,684
69 706,701,702,705,699,704,696,707,698,700,703,697
71 725,723,724,721,722,719,717,711,715,714,710,720,718,713,716,708,709,712
74 736,735,732,733,727,728,737,734,726,731,730,729
75 790,788,759,794,767,770,763,772,754,764,784,778,768,793,751,745,761,779,742,746,775,773,744,741,771,792,795,785,796,797,787,776,782,750,749,769,774,760,739,740,756,766,747,786,755,777,743,748,738,758,765,752,757,783,753,780,791,789,762,781
76 803,802,799,798,800,801
159 814,808,804,815,809,806,811,805,807,812,810,813
80 898,845,822,885,903,901,838,899,897,909,817,904,819,828,894,851,820,850,826,860,844,900,853,825,854,865,895,867,855,878,881,870,884,840,902,886,834,837,862,908,839,891,821,843,852,872,866,848,857,831,876,875,880,830,836,842,823,879,841,910,858,863,849,887,859,911,869,882,877,818,827,846,861,835,906,890,847,868,856,889,907,829,905,871,832,833,824,892,864,888,883,893,896,873,874,816
82 928,929,914,924,922,916,920,915,927,925,912,918,923,921,917,926,919,913
83 931,945,942,966,971,960,947,967,955,934,932,957,970,952,962,956,939,964,935,958,944,941,965,943,937,959,963,968,930,936,973,969,953,938,976,948,975,951,950,933,949,946,954,974,977,940,961,972
84 978,983,980,982,979,981
87 992,986,1013,1010,994,1008,990,988,1004,1005,995,999,984,1001,987,1012,1002,1007,985,1011,997,989,1000,993,998,1009,1006,991,1003,996
88 1019,1018,1016,1015,1017,1014
90 1020,1030,1026,1031,1027,1029,1021,1024,1025,1022,1028,1023
92 1037,1041,1042,1043,1036,1033,1039,1032,1040,1034,1038,1035
96 1044,1052,1048,1053,1050,1055,1046,1051,1049,1045,1054,1047
98 1066,1060,1067,1065,1059,1062,1057,1064,1058,1056,1063,1061
97 1068,1084,1073,1083,1072,1074,1085,1079,1080,1078,1075,1070,1069,1082,1077,1076,1081,1071
102 1090,1086,1088,1091,1089,1087
190 1096,1095,1094,1093,1092,1097
105 1100,1109,1108,1098,1107,1103,1101,1104,1099,1102,1105,1106
50 1111,1112,1110,1114,1113,1115
106 1117,1120,1118,1119,1121,1116
108 1147,1132,1130,1128,1148,1133,1137,1139,1146,1134,1126,1123,1144,1140,1129,1145,1149,1151,1143,1141,1127,1131,1136,1150,1142,1135,1122,1124,1125,1138
112 1159,1153,1154,1156,1160,1163,1162,1161,1158,1152,1157,1155
119 1186,1175,1183,1166,1174,1177,1172,1184,1170,1165,1179,1169,1176,1173,1180,1168,1167,1171,1182,1185,1187,1181,1178,1164
120 1198,1196,1188,1189,1194,1199,1192,1190,1193,1191,1197,1195
121 1204,1207,1203,1222,1212,1221,1220,1209,1215,1225,1214,1202,1216,1206,1228,1229,1217,1208,1219,1227,1226,1218,1224,1205,1201,1213,1211,1210,1200,1223
122 1266,1291,1247,1285,1238,1254,1271,1245,1262,1235,1275,1244,1263,1286,1265,1252,1279,1231,1257,1284,1278,1272,1294,1261,1283,1260,1255,1264,1292,1289,1258,1256,1239,1237,1234,1232,1282,1259,1276,1240,1246,1253,1251,1249,1242,1290,1287,1280,1269,1270,1267,1236,1281,1233,1274,1248,1241,1250,1243,1277,1230,1268,1295,1273,1293,1288
65 1311,1312,1313,1302,1301,1299,1307,1303,1305,1298,1296,1309,1306,1304,1310,1308,1300,1297
124 1319,1317,1314,1315,1318,1316
125 1321,1320,1325,1323,1322,1324
115 1330,1331,1327,1326,1328,1329
126 1337,1332,1336,1333,1335,1334
128 1341,1352,1346,1348,1347,1350,1353,1338,1349,1354,1351,1342,1339,1343,1344,1340,1345,1355
131 1446,1359,1372,1380,1422,1467,1364,1381,1410,1395,1450,1376,1387,1447,1416,1366,1377,1382,1358,1439,1402,1375,1394,1409,1429,1435,1448,1403,1368,1408,1400,1360,1420,1431,1404,1417,1389,1396,1413,1432,1371,1438,1437,1419,1423,1425,1430,1361,1386,1414,1390,1391,1362,1424,1427,1363,1460,1411,1468,1436,1398,1369,1383,1418,1434,1463,1421,1392,1433,1455,1456,1374,1441,1443,1407,1367,1449,1462,1385,1384,1453,1397,1406,1471,1445,1365,1357,1442,1469,1454,1461,1373,1399,1472,1405,1470,1459,1474,1379,1440,1356,1458,1378,1412,1401,1428,1388,1370,1426,1457,1393,1466,1451,1464,1473,1465,1444,1415,1452,1475
129 1481,1476,1478,1479,1480,1477
130 1484,1487,1482,1486,1483,1485
134 1494,1499,1493,1495,1489,1496,1491,1492,1490,1498,1497,1488
138 1504,1503,1505,1502,1501,1500
142 1506,1529,1511,1521,1527,1516,1510,1522,1526,1528,1513,1515,1507,1524,1518,1523,1520,1512,1525,1517,1514,1519,1508,1509
144 1535,1533,1530,1531,1532,1534
60 1573,1544,1575,1574,1571,1538,1549,1565,1566,1564,1551,1542,1553,1576,1558,1555,1548,1554,1572,1550,1557,1552,1540,1569,1559,1556,1546,1541,1577,1537,1567,1561,1536,1547,1568,1563,1543,1560,1545,1562,1570,1539
146 1587,1581,1580,1593,1579,1585,1582,1589,1584,1588,1590,1592,1594,1583,1586,1578,1595,1591
147 1606,1612,1603,1613,1605,1602,1609,1607,1598,1604,1611,1610,1601,1596,1608,1600,1597,1599
148 1617,1614,1616,1615,1619,1618
151 1630,1631,1629,1625,1623,1628,1626,1627,1622,1624,1620,1621
152 1657,1664,1651,1639,1655,1635,1636,1647,1646,1665,1649,1645,1662,1653,1633,1660,1659,1644,1666,1643,1634,1641,1667,1663,1640,1642,1638,1652,1654,1632,1658,1656,1650,1648,1637,1661
153 1688,1686,1679,1695,1677,1674,1683,1668,1692,1672,1681,1697,1685,1694,1684,1680,1693,1687,1675,1690,1696,1689,1678,1682,1673,1691,1676,1670,1671,1669
165 1715,1706,1714,1702,1699,1710,1698,1701,1704,1705,1712,1709,1711,1700,1708,1713,1707,1703
167 1717,1719,1721,1718,1720,1716
168 1723,1730,1731,1726,1725,1724,1728,1727,1729,1733,1732,1722
169 1769,1739,1765,1740,1761,1762,1743,1742,1752,1759,1749,1768,1735,1744,1746,1736,1745,1753,1751,1764,1747,1763,1757,1741,1750,1754,1756,1760,1734,1748,1767,1737,1766,1758,1738,1755
171 1778,1774,1781,1773,1771,1780,1775,1777,1772,1776,1779,1770
172 1783,1784,1787,1786,1782,1785
175 1806,1789,1811,1803,1802,1825,1834,1791,1814,1804,1801,1833,1832,1831,1809,1835,1796,1824,1820,1800,1807,1813,1805,1817,1795,1829,1790,1815,1819,1797,1808,1798,1828,1794,1816,1823,1812,1818,1792,1821,1827,1799,1810,1793,1822,1826,1788,1830
177 1845,1849,1865,1863,1861,1858,1846,1850,1838,1836,1853,1841,1851,1859,1847,1860,1840,1857,1843,1856,1839,1844,1854,1862,1837,1864,1852,1842,1848,1855
178 1878,1876,1871,1867,1866,1873,1870,1869,1875,1880,1868,1879,1874,1883,1877,1872,1882,1881
179 1888,1885,1886,1884,1887,1889
182 1893,1890,1891,1892,1895,1894
183 1901,1907,1899,1900,1905,1904,1896,1903,1902,1897,1898,1906
73 1921,1911,1920,1916,1913,1924,1917,1909,1923,1914,1918,1912,1922,1915,1910,1925,1919,1908
184 1934,1931,1928,1935,1926,1936,1929,1937,1930,1933,1927,1932
186 1940,1956,1954,1958,1938,1948,1943,1959,1939,1946,1953,1945,1949,1947,1961,1944,1960,1951,1950,1957,1955,1942,1952,1941
187 1975,1993,1972,1992,1996,1967,1997,1977,1973,1963,1969,1987,1964,1986,1989,1974,1980,1971,1988,1994,1965,1968,1985,1981,1995,1979,1978,1991,1983,1966,1990,1982,1970,1984,1976,1962
255 2009,2008,2002,2000,2003,2006,2007,2005,2001,2004,1999,1998
188 2029,2031,2023,2027,2020,2025,2011,2032,2014,2021,2028,2012,2033,2017,2026,2016,2019,2010,2013,2024,2022,2015,2030,2018
109 2061,2059,2035,2045,2063,2047,2049,2053,2062,2050,2046,2042,2044,2058,2038,2048,2036,2055,2052,2060,2039,2041,2054,2051,2057,2043,2034,2037,2040,2056
191 2082,2091,2087,2072,2093,2076,2067,2088,2090,2069,2065,2079,2064,2078,2086,2073,2089,2071,2083,2070,2092,2068,2077,2084,2085,2080,2066,2074,2075,2081
193 2101,2095,2097,2104,2105,2100,2102,2103,2098,2096,2099,2094
194 2120,2122,2121,2117,2118,2127,2128,2129,2123,2126,2116,2114,2115,2111,2124,2125,2108,2110,2106,2107,2112,2119,2109,2113
196 2157,2136,2156,2155,2146,2138,2158,2137,2134,2150,2135,2143,2130,2151,2133,2159,2145,2140,2142,2154,2149,2147,2152,2153,2148,2144,2131,2139,2141,2132
198 2238,2236,2213,2231,2198,2212,2221,2209,2176,2161,2166,2171,2200,2211,2216,2199,2173,2182,2229,2219,2164,2196,2239,2181,2184,2186,2174,2242,2177,2197,2225,2191,2227,2163,2228,2222,2217,2232,2223,2233,2243,2168,2192,2201,2167,2179,2203,2235,2207,2195,2226,2175,2193,2160,2230,2189,2210,2218,2204,2206,2220,2202,2214,2240,2194,2187,2180,2185,2234,2237,2183,2178,2170,2165,2224,2205,2188,2172,2162,2241,2169,2190,2208,2215
200 2252,2253,2248,2250,2247,2245,2244,2246,2254,2251,2255,2249
201 2275,2269,2261,2270,2282,2278,2273,2265,2283,2272,2285,2280,2284,2264,2271,2281,2274,2266,2267,2276,2256,2277,2279,2260,2263,2262,2258,2257,2259,2268
202 2290,2314,2315,2313,2311,2288,2306,2295,2298,2297,2294,2301,2305,2292,2309,2304,2302,2287,2303,2307,2312,2310,2296,2300,2308,2299,2286,2289,2293,2291
204 2318,2321,2317,2316,2319,2320
206 2344,2332,2334,2336,2342,2329,2322,2345,2341,2324,2327,2330,2339,2337,2323,2331,2335,2340,2338,2326,2333,2325,2328,2343
208 2354,2351,2356,2359,2348,2360,2347,2367,2363,2362,2357,2355,2349,2353,2364,2366,2365,2368,2369,2346,2361,2358,2352,2350
245 2372,2385,2386,2387,2370,2383,2374,2379,2378,2373,2376,2375,2382,2380,2384,2381,2377,2371
209 2399,2398,2392,2391,2388,2394,2393,2395,2390,2397,2396,2389
210 2423,2420,2422,2404,2402,2417,2407,2421,2410,2419,2412,2409,2401,2414,2415,2403,2416,2406,2400,2411,2405,2408,2418,2413
214 2459,2432,2429,2437,2446,2427,2441,2436,2456,2464,2430,2431,2455,2458,2452,2438,2447,2444,2440,2463,2433,2428,2445,2442,2454,2439,2426,2448,2451,2465,2450,2434,2449,2424,2425,2443,2461,2457,2462,2453,2435,2460
215 2469,2471,2470,2467,2468,2466
217 2474,2476,2477,2472,2475,2473
219 2489,2479,2488,2493,2478,2484,2487,2492,2486,2495,2482,2481,2491,2494,2485,2480,2490,2483
221 2513,2505,2498,2497,2506,2501,2510,2509,2508,2507,2500,2499,2502,2512,2504,2511,2503,2496
222 2535,2569,2516,2550,2517,2522,2544,2572,2519,2518,2537,2571,2554,2562,2552,2565,2523,2558,2563,2567,2560,2528,2573,2556,2526,2546,2548,2559,2540,2564,2521,2534,2525,2515,2530,2545,2538,2520,2539,2542,2527,2561,2533,2551,2557,2555,2531,2514,2524,2568,2570,2547,2543,2553,2541,2529,2536,2566,2549,2532
223 2589,2579,2591,2582,2590,2575,2584,2588,2581,2585,2576,2578,2574,2580,2587,2577,2586,2583
227 2609,2608,2606,2602,2594,2599,2607,2604,2592,2605,2600,2595,2598,2601,2596,2597,2593,2603
229 2610,2611,2612,2613,2614,2615
232 2616,2623,2625,2617,2622,2632,2624,2627,2628,2631,2626,2629,2630,2618,2633,2621,2619,2620
235 2635,2637,2636,2638,2634,2639
236 2644,2643,2641,2642,2645,2640
110 2649,2651,2650,2648,2646,2647
239 2654,2696,2698,2697,2668,2659,2657,2680,2681,2694,2662,2682,2687,2658,2688,2690,2656,2661,2655,2685,2679,2660,2664,2672,2678,2673,2692,2691,2689,2693,2670,2683,2663,2674,2675,2653,2676,2671,2669,2677,2684,2652,2666,2695,2667,2686,2665,2699
55 2718,2733,2707,2739,2740,2737,2725,2711,2720,2721,2734,2728,2729,2705,2717,2719,2727,2732,2742,2716,2715,2708,2712,2704,2710,2709,2741,2702,2726,2706,2724,2738,2713,2700,2730,2743,2722,2703,2736,2714,2731,2735,2701,2723,2744,2746,2747,2745
246 2748,2749,2753,2750,2752,2751
248 2769,2765,2771,2767,2754,2762,2758,2763,2760,2766,2756,2759,2764,2770,2768,2755,2757,2761
253 2783,2776,2782,2781,2775,2780,2777,2773,2774,2772,2778,2779
254 2788,2787,2789,2785,2784,2786
256 2797,2792,2799,2796,2801,2795,2798,2800,2790,2791,2793,2794
258 2842,2825,2827,2845,2843,2847,2802,2813,2805,2818,2834,2804,2824,2835,2808,2812,2838,2811,2846,2840,2826,2822,2830,2807,2831,2810,2815,2823,2832,2820,2809,2844,2806,2839,2814,2837,2849,2817,2841,2848,2803,2816,2819,2829,2821,2836,2833,2828
259 2855,2850,2861,2857,2853,2856,2860,2854,2859,2851,2858,2852
260 2872,2867,2876,2862,2869,2875,2874,2871,2878,2866,2864,2873,2870,2879,2877,2865,2868,2863
262 2880,2885,2889,2883,2881,2890,2891,2888,2884,2887,2882,2886
263 2903,2910,2914,2906,2902,2907,2896,2892,2905,2894,2913,2897,2899,2898,2915,2893,2895,2900,2908,2909,2912,2911,2904,2901
123 2926,2933,2916,2920,2931,2930,2923,2924,2927,2928,2917,2921,2929,2922,2932,2918,2925,2919
224 2944,2945,2939,2943,2936,2941,2935,2942,2938,2940,2934,2937
103 2960,2948,2952,2946,2963,2953,2961,2968,2959,2964,2966,2954,2965,2958,2956,2955,2947,2957,2949,2951,2962,2950,2969,2967
5 2980,2981,2979,2972,2976,2977,2971,2978,2975,2970,2973,2974
62 3003,3005,3004,2997,2993,2986,2995,3000,2989,2982,2987,2985,2984,2988,2990,2983,2996,2998,3001,2994,2991,2999,3002,2992
145 3039,3014,3024,3007,3015,3020,3033,3021,3012,3013,3032,3010,3016,3026,3027,3009,3006,3008,3018,3019,3041,3034,3030,3031,3035,3029,3028,3038,3040,3022,3037,3036,3025,3011,3017,3023
72 3047,3043,3042,3044,3045,3046
163 3104,3084,3067,3098,3074,3069,3105,3088,3076,3100,3096,3060,3064,3051,3086,3090,3106,3073,3061,3052,3062,3075,3097,3058,3077,3053,3083,3099,3091,3102,3095,3080,3049,3085,3087,3103,3065,3059,3066,3079,3063,3056,3107,3072,3068,3089,3101,3057,3050,3082,3078,3054,3081,3094,3055,3093,3070,3071,3092,3048
150 3113,3109,3108,3112,3111,3110
38 3116,3119,3115,3117,3118,3114
8 3133,3131,3126,3121,3127,3130,3129,3124,3132,3137,3128,3123,3135,3122,3134,3136,3120,3125
27 3138,3139,3140,3141,3143,3142
79 3149,3145,3148,3146,3147,3144
61 3175,3182,3181,3162,3176,3178,3184,3173,3172,3164,3183,3153,3185,3169,3171,3165,3152,3180,3156,3179,3157,3150,3154,3163,3159,3170,3177,3161,3160,3167,3151,3174,3158,3168,3166,3155
176 3203,3193,3202,3194,3198,3191,3196,3187,3189,3192,3197,3200,3188,3195,3186,3190,3199,3201
154 3212,3218,3220,3215,3221,3213,3208,3210,3217,3209,3207,3219,3216,3204,3211,3214,3205,3206
33 3224,3225,3222,3223,3226,3227
7 3245,3243,3231,3241,3242,3229,3234,3232,3235,3233,3236,3228,3239,3238,3230,3244,3237,3240
189 3251,3246,3250,3247,3248,3249
89 3287,3265,3262,3257,3292,3275,3288,3268,3266,3283,3277,3290,3279,3256,3267,3271,3278,3282,3280,3263,3258,3254,3261,3285,3264,3273,3255,3269,3274,3281,3286,3259,3276,3284,3252,3272,3253,3291,3260,3293,3270,3289
100 3296,3298,3303,3305,3297,3294,3300,3295,3299,3301,3304,3302
17 3306,3310,3307,3309,3308,3311
35 3317,3316,3312,3314,3313,3315
63 3320,3318,3321,3319,3323,3322
2 3334,3326,3324,3330,3331,3347,3332,3333,3340,3336,3337,3345,3328,3344,3346,3327,3335,3339,3325,3342,3329,3338,3341,3343
58 3359,3351,3354,3355,3349,3353,3352,3350,3348,3358,3357,3356
173 3375,3366,3368,3371,3369,3365,3372,3377,3364,3360,3370,3374,3376,3367,3363,3362,3361,3373
158 3383,3379,3381,3382,3378,3380
113 3429,3434,3405,3389,3403,3431,3423,3428,3420,3385,3410,3418,3407,3396,3388,3400,3409,3399,3386,3416,3387,3430,3404,3425,3398,3427,3393,3414,3426,3406,3411,3391,3419,3412,3421,3397,3413,3390,3392,3422,3424,3437,3435,3402,3394,3415,3433,3401,3384,3436,3408,3432,3417,3395
114 3443,3442,3439,3438,3441,3440
9 3454,3448,3464,3456,3445,3458,3453,3460,3462,3447,3451,3457,3467,3450,3452,3465,3466,3444,3459,3449,3463,3455,3446,3461
251 3473,3469,3471,3472,3470,3468
43 3479,3478,3476,3477,3475,3474
10 3496,3497,3487,3488,3495,3480,3493,3484,3485,3486,3492,3494,3482,3491,3483,3489,3481,3490
241 3503,3500,3499,3498,3501,3502
226 3519,3507,3527,3508,3525,3509,3526,3504,3516,3515,3506,3523,3512,3517,3510,3520,3511,3524,3513,3521,3518,3514,3522,3505
155 3536,3555,3541,3546,3542,3557,3535,3550,3554,3544,3539,3529,3538,3552,3537,3543,3534,3551,3531,3533,3548,3556,3549,3530,3545,3528,3540,3553,3547,3532
164 3561,3562,3563,3558,3560,3559
81 3564,3585,3586,3584,3575,3567,3576,3566,3587,3582,3578,3572,3574,3580,3581,3577,3583,3568,3565,3570,3573,3569,3579,3571
44 3593,3590,3588,3591,3589,3592
20 3599,3601,3603,3597,3602,3594,3605,3604,3598,3596,3595,3600
45 3623,3613,3612,3608,3620,3621,3622,3614,3609,3618,3617,3606,3607,3619,3615,3611,3616,3610
77 3625,3665,3667,3651,3640,3669,3626,3648,3638,3664,3636,3661,3658,3671,3647,3668,3642,3635,3631,3655,3660,3643,3629,3652,3663,3670,3659,3654,3656,3650,3639,3637,3653,3644,3627,3666,3633,3628,3649,3632,3624,3645,3634,3662,3641,3657,3646,3630
11 3681,3676,3683,3673,3678,3682,3680,3675,3674,3677,3672,3679
203 3716,3719,3703,3714,3717,3712,3688,3715,3701,3718,3704,3710,3709,3713,3702,3685,3689,3691,3707,3705,3684,3690,3708,3695,3694,3693,3696,3698,3686,3697,3706,3700,3699,3692,3687,3711
230 3731,3730,3721,3724,3720,3729,3723,3722,3726,3728,3727,3725
181 3751,3742,3753,3747,3749,3737,3744,3738,3743,3739,3735,3750,3748,3734,3752,3741,3733,3755,3736,3740,3754,3745,3746,3732
57 3760,3761,3758,3757,3759,3756
213 3766,3778,3777,3771,3774,3773,3770,3764,3768,3772,3762,3767,3763,3769,3779,3775,3765,3776
3 3790,3780,3784,3787,3788,3781,3783,3786,3785,3782,3789,3791
228 3818,3800,3799,3817,3801,3816,3815,3797,3805,3795,3792,3803,3804,3808,3796,3811,3812,3807,3810,3820,3813,3802,3806,3793,3819,3814,3794,3821,3798,3809
139 3835,3834,3840,3836,3845,3822,3827,3828,3826,3830,3824,3833,3832,3829,3842,3843,3837,3825,3839,3844,3841,3831,3823,3838
46 3855,3866,3879,3854,3876,3865,3859,3864,3850,3871,3881,3872,3857,3878,3868,3853,3877,3849,3863,3873,3856,3869,3851,3875,3860,3861,3858,3846,3848,3870,3847,3874,3852,3862,3867,3880
64 3905,3915,3904,3938,3902,3893,3935,3940,3934,3891,3890,3882,3932,3909,3931,3922,3896,3936,3900,3886,3887,3916,3924,3884,3914,3910,3913,3918,3894,3920,3937,3912,3906,3901,3933,3921,3919,3898,3929,3899,3908,3939,3903,3907,3911,3885,3892,3895,3925,3883,3888,3897,3923,3889,3926,3927,3917,3930,3941,3928
26 3947,3944,3943,3942,3945,3946
243 3953,3948,3952,3951,3949,3950
91 3959,3954,3957,3956,3958,3955
0 3960,3962,3963,3961,3964,3965
162 3972,3974,3970,3986,3967,3971,3979,3977,3983,3969,3982,3978,3976,3975,3968,3980,3984,3989,3981,3988,3966,3973,3985,3987
132 4001,3993,3995,3994,4000,3991,3992,3998,3996,3999,3997,3990
36 4027,4020,4011,4003,4014,4016,4002,4017,4015,4012,4022,4026,4018,4007,4023,4024,4005,4021,4028,4004,4030,4019,4010,4031,4013,4009,4006,4025,4008,4029
156 4037,4036,4032,4033,4034,4035
107 4055,4059,4040,4069,4045,4071,4048,4046,4064,4072,4063,4053,4056,4044,4070,4075,4043,4061,4041,4078,4066,4079,4077,4047,4038,4058,4062,4049,4065,4057,4076,4067,4054,4068,4052,4050,4073,4060,4039,4074,4042,4051
249 4090,4086,4085,4080,4081,4087,4089,4082,4083,4088,4091,4084
85 4109,4098,4095,4103,4099,4106,4102,4097,4092,4105,4108,4104,4096,4093,4107,4101,4094,4100
225 4123,4112,4111,4126,4110,4114,4120,4125,4121,4115,4119,4122,4117,4118,4127,4113,4116,4124
231 4129,4131,4132,4128,4133,4130
240 4138,4135,4145,4141,4139,4137,4144,4140,4134,4136,4142,4143
135 4168,4176,4181,4180,4178,4175,4179,4151,4174,4149,4150,4158,4170,4165,4152,4172,4166,4160,4171,4159,4153,4146,4148,4156,4162,4154,4161,4163,4157,4164,4147,4177,4169,4155,4167,4173
207 4184,4183,4187,4185,4182,4186
197 4207,4189,4202,4204,4188,4199,4206,4203,4193,4201,4191,4208,4210,4211,4197,4209,4195,4205,4200,4192,4190,4196,4198,4194
15 4217,4214,4215,4213,4212,4216
252 4234,4235,4225,4232,4221,4224,4218,4223,4227,4229,4222,4219,4228,4220,4233,4230,4226,4231
185 4239,4238,4247,4240,4246,4242,4241,4243,4236,4244,4237,4245
6 4270,4263,4271,4260,4248,4251,4262,4257,4266,4258,4255,4264,4249,4252,4250,4261,4265,4269,4268,4254,4253,4256,4259,4267
161 4275,4305,4314,4299,4319,4300,4316,4281,4285,4283,4294,4297,4290,4296,4278,4274,4282,4272,4292,4295,4276,4287,4307,4293,4289,4280,4273,4311,4291,4308,4302,4301,4279,4304,4315,4317,4309,4318,4284,4286,4313,4288,4303,4277,4306,4310,4298,4312
218 4330,4323,4324,4327,4321,4331,4326,4328,4322,4329,4325,4320
136 4340,4333,4339,4335,4338,4341,4332,4337,4342,4334,4343,4336
94 4355,4353,4345,4354,4347,4350,4344,4351,4348,4346,4349,4352
37 4399,4379,4388,4357,4377,4368,4356,4369,4402,4400,4393,4367,4361,4382,4389,4378,4398,4372,4365,4391,4390,4359,4371,4383,4385,4394,4364,4392,4375,4380,4373,4374,4381,4384,4396,4370,4360,4363,4386,4401,4397,4362,4366,4358,4403,4395,4387,4376
149 4466,4462,4418,4469,4468,4440,4456,4463,4441,4461,4450,4411,4408,4467,4459,4455,4420,4434,4410,4447,4431,4407,4421,4413,4451,4439,4404,4414,4433,4406,4464,4436,4465,4443,4412,4432,4460,4416,4449,4453,4446,4424,4438,4409,4422,4425,4454,4429,4423,4430,4426,4458,4452,4419,4428,4415,4457,4435,4427,4437,4444,4445,4417,4448,4442,4405
13 4474,4470,4471,4475,4472,4473
39 4481,4480,4477,4479,4476,4478
