234 11,2,1,5,3,0,8,9,4,6,10,7
1 21,38,18,32,41,29,26,20,25,19,33,15,35,28,13,40,14,27,30,12,22,36,37,17,34,16,31,24,23,39
4 53,52,48,47,43,45,51,42,44,46,50,49
16 62,63,58,54,60,59,55,61,56,65,57,64
18 67,90,99,68,81,70,77,74,105,103,102,87,85,80,100,108,76,97,94,71,75,89,72,82,98,84,104,112,86,73,79,88,107,96,66,101,69,110,83,91,78,93,106,92,95,113,111,109
19 117,124,121,123,115,119,120,118,122,116,114,125
21 160,143,140,134,138,137,129,146,151,132,152,148,131,161,127,128,159,145,141,156,142,153,157,133,158,147,149,136,139,135,144,154,150,155,126,130
23 162,175,168,164,166,174,167,171,178,176,179,170,163,173,169,177,172,165
24 189,184,183,180,188,185,181,182,187,186,190,191
25 192,201,195,196,198,197,200,202,199,203,194,193
28 206,220,204,214,218,215,219,210,213,207,216,205,209,212,211,208,221,217
30 231,234,235,230,225,233,226,227,223,224,229,236,228,222,238,232,237,239
31 256,247,253,240,249,254,244,246,250,248,252,245,251,242,257,241,243,255
32 271,280,262,273,281,270,276,266,263,277,259,267,275,268,278,269,261,258,274,272,260,264,279,265
216 321,299,312,293,283,301,311,288,286,318,315,296,305,302,295,284,320,314,306,285,309,310,300,290,313,297,317,292,304,319,307,303,282,287,316,298,289,308,291,294,323,322
34 372,348,363,371,349,377,365,376,354,368,358,324,337,344,366,364,373,375,327,351,350,334,333,329,340,335,341,360,331,339,361,347,325,346,342,369,362,367,374,332,330,355,343,336,326,357,352,345,338,356,353,359,370,328
40 393,394,390,387,391,378,381,380,389,379,382,385,386,388,384,392,395,383
41 402,397,405,403,410,408,399,396,400,407,412,413,401,411,409,406,398,404
42 430,414,431,421,426,425,419,422,427,417,424,415,416,423,420,429,428,418
199 436,435,434,433,432,437
160 465,470,469,473,452,460,453,454,467,443,439,444,438,463,441,457,450,464,445,447,459,446,449,456,458,462,466,461,442,471,455,468,448,451,440,472
47 514,474,489,511,519,516,500,501,494,502,505,509,483,495,491,477,482,498,476,481,478,507,493,488,499,515,475,504,479,496,506,521,490,508,520,497,510,492,485,503,480,486,484,513,518,517,512,487
78 551,547,538,535,537,527,530,534,539,541,531,542,536,533,524,543,526,545,525,540,532,523,546,528,522,550,544,529,549,548
48 552,560,562,559,558,561,555,554,557,556,553,563
53 574,569,570,573,565,571,567,568,566,572,575,564
250 590,588,580,592,581,587,578,589,591,576,577,586,584,582,583,585,579,593
49 598,602,597,603,601,605,594,599,600,604,596,595
257 611,608,610,606,609,607
22 620,619,617,613,612,614,621,616,623,618,615,622
67 651,657,656,648,650,627,624,659,625,629,637,630,649,639,646,642,633,632,653,640,643,658,644,636,635,634,626,628,641,631,655,645,638,647,654,652
68 695,692,691,663,682,673,674,664,686,680,677,683,681,688,670,693,666,687,671,668,678,661,660,662,694,672,684,665,667,689,679,685,675,669,690,676
69 701,702,700,705,704,703,699,696,697,707,698,706
71 715,717,710,718,722,716,711,719,714,709,708,720,713,712,724,721,723,725
74 727,733,728,734,737,726,730,729,731,732,735,736
75 772,779,744,797,741,792,746,750,768,749,771,769,760,755,766,776,773,757,777,748,782,783,765,785,775,793,786,758,761,752,742,781,787,753,796,762,791,739,738,740,795,780,778,774,789,743,751,747,745,754,756,784,764,767,763,759,794,770,788,790
76 800,801,798,799,802,803
159 815,804,811,812,805,806,807,810,809,813,808,814
80 817,837,909,904,897,900,819,880,869,825,865,884,875,866,860,852,857,859,902,823,870,840,843,854,887,827,876,820,878,861,864,855,847,858,846,831,849,908,826,844,834,895,894,841,886,862,879,818,882,888,890,836,839,883,853,830,881,905,910,868,851,848,911,889,816,835,891,906,863,828,824,829,872,821,833,842,893,877,871,832,896,873,874,867,907,892,850,856,899,838,885,822,903,901,898,845
82 914,929,924,916,915,921,927,917,926,912,922,923,925,918,919,920,913,928
83 966,942,971,939,933,941,944,957,934,956,964,976,948,963,950,943,947,959,932,960,940,969,953,946,962,930,937,965,955,935,938,975,952,949,977,974,968,951,970,954,961,973,958,936,967,972,945,931
84 980,983,981,979,982,978
87 1013,1010,990,987,1006,999,984,988,1004,1001,989,991,995,1007,1008,985,1002,1005,1000,997,994,1009,998,996,1012,1011,1003,993,986,992
88 1015,1017,1018,1014,1016,1019
90 1027,1029,1024,1031,1021,1025,1028,1026,1023,1022,1030,1020
92 1043,1042,1032,1039,1036,1038,1034,1033,1040,1035,1041,1037
96 1048,1051,1046,1049,1045,1055,1050,1053,1047,1054,1052,1044
98 1063,1065,1067,1057,1059,1058,1056,1062,1064,1061,1060,1066
97 1083,1070,1072,1079,1075,1074,1076,1069,1080,1082,1071,1085,1077,1081,1078,1073,1084,1068
102 1087,1091,1088,1089,1086,1090
190 1095,1094,1092,1093,1097,1096
105 1106,1107,1104,1108,1099,1098,1101,1105,1103,1102,1109,1100
50 1112,1114,1110,1113,1115,1111
106 1118,1121,1119,1116,1120,1117
108 1148,1123,1141,1133,1127,1144,1129,1151,1126,1131,1140,1146,1143,1150,1145,1122,1139,1137,1149,1136,1134,1124,1135,1138,1142,1125,1130,1128,1132,1147
112 1157,1160,1155,1161,1156,1163,1154,1152,1162,1158,1153,1159
119 1177,1174,1176,1170,1182,1180,1183,1179,1167,1169,1173,1166,1171,1185,1187,1165,1184,1164,1172,1181,1168,1178,1175,1186
120 1192,1190,1189,1199,1193,1191,1195,1197,1188,1194,1196,1198
121 1222,1224,1219,1205,1227,1206,1201,1218,1217,1229,1210,1225,1226,1216,1228,1215,1202,1209,1213,1220,1203,1223,1212,1214,1200,1211,1208,1221,1207,1204
122 1238,1291,1285,1247,1254,1271,1260,1272,1240,1279,1264,1256,1257,1249,1258,1239,1262,1255,1235,1265,1242,1284,1244,1292,1236,1283,1263,1270,1281,1251,1259,1253,1282,1261,1245,1246,1276,1248,1275,1234,1250,1269,1274,1233,1293,1231,1287,1294,1295,1273,1252,1268,1277,1290,1280,1278,1237,1232,1243,1241,1286,1267,1289,1288,1230,1266
65 1302,1313,1312,1309,1306,1310,1296,1300,1308,1297,1307,1305,1301,1299,1303,1304,1298,1311
124 1316,1315,1318,1314,1317,1319
125 1325,1320,1324,1322,1323,1321
115 1331,1327,1328,1326,1329,1330
126 1333,1334,1335,1336,1332,1337
128 1343,1342,1354,1338,1349,1347,1339,1344,1340,1345,1353,1348,1355,1350,1351,1346,1352,1341
131 1387,1376,1381,1410,1450,1395,1416,1382,1413,1404,1447,1444,1423,1417,1438,1390,1374,1420,1402,1357,1399,1394,1368,1403,1430,1411,1406,1360,1409,1358,1436,1431,1356,1427,1472,1375,1400,1468,1371,1383,1396,1461,1391,1419,1384,1463,1373,1408,1362,1386,1470,1435,1469,1460,1432,1367,1393,1462,1424,1440,1405,1425,1392,1418,1455,1401,1437,1361,1473,1439,1378,1365,1412,1369,1389,1466,1429,1443,1454,1474,1453,1441,1434,1421,1379,1449,1458,1363,1452,1428,1388,1465,1398,1464,1385,1370,1364,1459,1433,1366,1471,1445,1456,1426,1451,1415,1457,1407,1448,1397,1442,1377,1475,1414,1467,1380,1422,1372,1359,1446
129 1479,1480,1477,1478,1476,1481
130 1487,1482,1483,1485,1486,1484
134 1499,1489,1492,1496,1493,1488,1495,1498,1490,1491,1497,1494
138 1501,1503,1505,1502,1500,1504
142 1510,1522,1516,1524,1520,1527,1507,1515,1519,1517,1513,1514,1523,1526,1528,1512,1525,1509,1508,1518,1511,1521,1529,1506
144 1533,1534,1530,1531,1532,1535
60 1574,1571,1558,1550,1576,1542,1577,1540,1556,1546,1564,1568,1572,1567,1551,1554,1555,1549,1563,1538,1557,1541,1566,1543,1559,1570,1539,1560,1545,1553,1565,1548,1569,1561,1537,1552,1562,1547,1536,1575,1544,1573
146 1594,1579,1595,1582,1585,1590,1592,1586,1588,1589,1584,1583,1591,1578,1580,1593,1581,1587
147 1610,1605,1602,1604,1601,1609,1596,1598,1613,1607,1599,1600,1608,1611,1597,1612,1603,1606
148 1615,1618,1619,1616,1614,1617
151 1623,1627,1625,1628,1626,1624,1620,1621,1622,1629,1631,1630
152 1665,1634,1636,1647,1663,1642,1633,1666,1644,1662,1646,1660,1635,1640,1639,1667,1655,1653,1638,1643,1658,1637,1632,1645,1649,1641,1650,1654,1652,1648,1659,1651,1661,1656,1664,1657
153 1686,1675,1681,1689,1695,1680,1672,1694,1697,1683,1696,1677,1693,1685,1668,1690,1678,1692,1687,1684,1671,1676,1682,1691,1679,1670,1674,1669,1673,1688
165 1714,1702,1709,1711,1699,1700,1705,1698,1701,1708,1703,1712,1704,1710,1713,1707,1706,1715
167 1721,1719,1720,1718,1716,1717
168 1725,1724,1728,1733,1727,1729,1732,1722,1731,1726,1730,1723
169 1765,1740,1761,1762,1768,1753,1759,1735,1746,1756,1760,1752,1764,1763,1767,1750,1741,1742,1754,1749,1751,1745,1734,1743,1737,1747,1755,1758,1748,1744,1766,1738,1757,1736,1739,1769
171 1774,1777,1773,1775,1771,1772,1781,1779,1780,1776,1770,1778
172 1787,1786,1785,1782,1784,1783
175 1814,1833,1834,1819,1801,1835,1832,1804,1824,1829,1807,1820,1795,1800,1823,1797,1799,1798,1815,1816,1821,1810,1790,1813,1808,1792,1794,1805,1809,1796,1812,1827,1830,1817,1831,1793,1822,1826,1818,1788,1828,1825,1791,1802,1803,1811,1789,1806
177 1847,1858,1861,1838,1857,1843,1860,1851,1844,1839,1859,1856,1853,1852,1840,1855,1850,1837,1841,1862,1842,1864,1836,1846,1848,1854,1863,1849,1865,1845
178 1870,1875,1867,1879,1868,1874,1882,1877,1883,1869,1872,1880,1881,1866,1873,1876,1871,1878
179 1885,1884,1889,1886,1887,1888
182 1892,1895,1894,1890,1891,1893
183 1904,1906,1896,1897,1903,1902,1898,1905,1900,1899,1901,1907
73 1924,1911,1909,1914,1923,1910,1913,1915,1912,1917,1922,1916,1925,1908,1919,1918,1920,1921
184 1928,1936,1929,1937,1930,1927,1926,1935,1933,1932,1931,1934
186 1956,1939,1959,1951,1945,1947,1948,1957,1943,1950,1954,1941,1949,1958,1944,1942,1946,1953,1952,1961,1938,1960,1955,1940
187 1973,1997,1983,1990,1966,1979,1981,1980,1984,1978,1962,1976,1987,1967,1965,1969,1988,1989,1963,1974,1982,1964,1995,1994,1985,1971,1968,1991,1986,1970,1977,1996,1992,1972,1993,1975
255 2008,2006,1999,2000,2004,2002,2001,2005,2007,1998,2003,2009
188 2027,2032,2014,2019,2026,2021,2020,2025,2016,2024,2017,2012,2033,2022,2028,2018,2010,2011,2013,2030,2015,2023,2031,2029
109 2049,2062,2047,2046,2036,2051,2050,2048,2044,2053,2058,2042,2038,2060,2041,2055,2043,2057,2034,2054,2037,2052,2040,2039,2056,2063,2035,2059,2045,2061
191 2091,2087,2065,2070,2068,2088,2080,2083,2064,2086,2089,2084,2072,2074,2085,2067,2079,2076,2093,2073,2092,2071,2077,2069,2078,2090,2066,2075,2081,2082
193 2105,2104,2099,2098,2103,2100,2096,2094,2102,2097,2101,2095
194 2127,2118,2114,2115,2126,2128,2129,2123,2124,2110,2125,2106,2108,2112,2111,2116,2119,2113,2109,2107,2117,2121,2122,2120
196 2155,2151,2133,2148,2150,2130,2141,2147,2137,2134,2149,2140,2138,2152,2142,2153,2158,2145,2135,2146,2131,2132,2144,2143,2139,2159,2154,2156,2136,2157
198 2176,2212,2198,2221,2161,2209,2231,2174,2189,2242,2229,2207,2220,2222,2235,2193,2165,2227,2226,2182,2170,2184,2185,2225,2179,2239,2192,2177,2197,2164,2230,2203,2186,2201,2233,2160,2223,2180,2228,2171,2214,2211,2210,2173,2234,2237,2204,2219,2232,2169,2183,2218,2163,2240,2187,2202,2208,2243,2206,2217,2166,2168,2194,2167,2190,2188,2224,2191,2162,2200,2196,2216,2178,2195,2181,2205,2199,2241,2172,2175,2215,2213,2238,2236
200 2253,2248,2250,2246,2251,2245,2244,2247,2254,2255,2249,2252
201 2282,2270,2267,2261,2273,2259,2281,2276,2256,2274,2266,2271,2277,2285,2278,2264,2280,2262,2263,2257,2279,2265,2283,2284,2268,2258,2272,2260,2269,2275
202 2288,2298,2295,2289,2306,2294,2307,2302,2311,2304,2309,2300,2286,2308,2310,2297,2293,2303,2312,2292,2301,2296,2305,2291,2287,2299,2313,2315,2314,2290
204 2316,2319,2320,2317,2321,2318
206 2336,2324,2326,2345,2341,2329,2322,2338,2340,2323,2327,2335,2337,2333,2331,2328,2339,2330,2325,2342,2343,2334,2332,2344
208 2351,2358,2353,2350,2366,2369,2362,2361,2357,2355,2356,2346,2347,2360,2359,2365,2349,2368,2348,2352,2364,2367,2363,2354
245 2383,2379,2374,2376,2382,2384,2370,2381,2375,2380,2378,2373,2371,2377,2387,2386,2385,2372
209 2392,2388,2395,2397,2396,2393,2394,2390,2389,2391,2398,2399
210 2402,2404,2406,2417,2419,2421,2412,2407,2414,2400,2415,2416,2409,2408,2403,2405,2410,2401,2418,2411,2413,2422,2420,2423
214 2446,2437,2427,2447,2442,2450,2448,2439,2426,2454,2430,2425,2453,2445,2444,2424,2428,2458,2438,2465,2455,2449,2460,2463,2433,2456,2434,2435,2451,2462,2452,2431,2440,2441,2464,2443,2461,2436,2457,2429,2459,2432
215 2470,2466,2468,2467,2471,2469
217 2477,2473,2472,2475,2476,2474
219 2479,2487,2484,2492,2493,2488,2486,2495,2481,2491,2478,2494,2482,2490,2485,2483,2480,2489
221 2505,2497,2509,2501,2508,2510,2506,2500,2504,2502,2512,2496,2499,2507,2503,2511,2498,2513
222 2517,2568,2572,2551,2522,2544,2565,2571,2548,2564,2542,2560,2523,2518,2562,2521,2573,2515,2537,2524,2559,2545,2526,2520,2534,2567,2538,2556,2530,2555,2546,2539,2528,2558,2527,2525,2552,2540,2519,2543,2536,2541,2554,2533,2549,2529,2532,2566,2531,2553,2514,2561,2563,2547,2557,2570,2516,2550,2535,2569
223 2590,2591,2584,2579,2587,2574,2575,2581,2576,2578,2585,2588,2583,2586,2580,2577,2582,2589
227 2605,2601,2592,2604,2595,2593,2594,2606,2607,2608,2602,2597,2598,2596,2599,2600,2603,2609
229 2615,2611,2613,2614,2612,2610
232 2622,2625,2629,2626,2624,2632,2627,2630,2618,2617,2631,2628,2620,2621,2623,2619,2633,2616
235 2637,2638,2639,2636,2634,2635
236 2642,2641,2643,2640,2645,2644
110 2648,2650,2646,2647,2651,2649
239 2668,2657,2697,2698,2694,2689,2691,2662,2678,2655,2660,2658,2653,2681,2680,2671,2679,2685,2683,2664,2669,2688,2684,2665,2699,2693,2663,2674,2661,2670,2682,2667,2652,2677,2659,2666,2675,2686,2673,2672,2676,2692,2690,2687,2695,2656,2696,2654
55 2737,2739,2740,2725,2738,2726,2731,2702,2708,2700,2716,2713,2732,2717,2741,2706,2742,2722,2712,2703,2705,2728,2723,2704,2711,2724,2720,2709,2734,2729,2736,2715,2735,2744,2743,2710,2721,2719,2714,2730,2746,2747,2701,2727,2745,2733,2707,2718
246 2753,2751,2750,2752,2749,2748
248 2757,2754,2763,2759,2768,2755,2766,2761,2756,2762,2758,2764,2760,2770,2767,2771,2765,2769
253 2774,2780,2772,2777,2773,2778,2781,2779,2775,2782,2776,2783
254 2789,2785,2786,2787,2784,2788
256 2792,2801,2791,2795,2796,2799,2793,2790,2800,2798,2794,2797
258 2847,2849,2839,2837,2807,2835,2816,2826,2840,2829,2832,2818,2811,2813,2838,2804,2822,2805,2841,2814,2846,2824,2834,2808,2815,2823,2820,2803,2821,2802,2810,2848,2833,2830,2831,2828,2817,2836,2819,2844,2806,2812,2809,2843,2845,2827,2825,2842
259 2861,2859,2856,2852,2851,2857,2860,2858,2853,2854,2850,2855
260 2867,2876,2879,2873,2864,2870,2869,2866,2875,2871,2877,2878,2863,2874,2865,2862,2868,2872
262 2883,2887,2889,2891,2888,2884,2890,2886,2882,2881,2885,2880
263 2914,2910,2895,2896,2908,2906,2892,2893,2913,2900,2894,2897,2915,2905,2907,2902,2912,2904,2899,2901,2909,2898,2911,2903
123 2925,2916,2920,2923,2918,2921,2924,2929,2919,2927,2922,2932,2928,2930,2917,2931,2933,2926
224 2943,2940,2942,2934,2941,2935,2936,2938,2937,2939,2945,2944
103 2964,2949,2952,2947,2954,2958,2957,2963,2955,2953,2959,2965,2961,2968,2956,2962,2951,2950,2969,2966,2946,2967,2948,2960
5 2976,2977,2971,2973,2970,2974,2975,2972,2978,2979,2981,2980
62 3004,2991,2997,2993,3000,2987,2984,2985,2990,2989,2986,2982,2983,2998,2995,2999,3001,2996,2988,3002,2994,2992,3005,3003
145 3024,3025,3014,3021,3033,3010,3006,3026,3008,3037,3018,3009,3040,3031,3030,3020,3015,3013,3019,3011,3022,3023,3032,3028,3041,3016,3038,3027,3029,3012,3034,3035,3017,3007,3036,3039
72 3042,3044,3045,3046,3043,3047
163 3098,3067,3105,3069,3096,3074,3088,3062,3091,3066,3078,3095,3090,3077,3056,3064,3101,3054,3082,3080,3052,3099,3072,3085,3050,3051,3049,3087,3065,3106,3061,3094,3073,3059,3048,3103,3053,3086,3060,3089,3076,3068,3063,3058,3102,3083,3107,3070,3055,3079,3075,3097,3093,3057,3100,3081,3071,3092,3084,3104
150 3112,3111,3108,3109,3110,3113
38 3115,3114,3117,3118,3119,3116
8 3131,3128,3125,3127,3121,3132,3123,3124,3129,3130,3134,3126,3137,3135,3120,3122,3136,3133
27 3142,3140,3143,3141,3139,3138
79 3148,3144,3146,3147,3145,3149
61 3178,3158,3152,3176,3159,3167,3184,3185,3177,3157,3183,3163,3150,3156,3161,3171,3172,3169,3179,3154,3153,3160,3165,3164,3180,3155,3166,3151,3173,3168,3170,3174,3162,3181,3182,3175
176 3192,3188,3195,3187,3191,3196,3197,3201,3186,3200,3189,3190,3199,3198,3194,3202,3193,3203
154 3220,3213,3209,3205,3211,3217,3208,3214,3204,3210,3207,3206,3221,3216,3215,3219,3212,3218
33 3222,3225,3227,3223,3226,3224
7 3243,3235,3232,3242,3239,3229,3234,3228,3231,3241,3238,3230,3244,3236,3237,3233,3240,3245
189 3247,3250,3248,3249,3246,3251
89 3268,3288,3275,3292,3266,3282,3280,3285,3279,3278,3271,3255,3283,3258,3272,3267,3269,3256,3273,3274,3264,3263,3259,3254,3281,3276,3270,3260,3293,3252,3261,3289,3253,3286,3277,3284,3290,3291,3257,3262,3265,3287
100 3305,3301,3294,3299,3304,3300,3295,3297,3302,3303,3298,3296
17 3307,3309,3311,3308,3310,3306
35 3312,3314,3315,3313,3316,3317
63 3319,3323,3322,3321,3318,3320
2 3332,3324,3330,3333,3342,3346,3336,3335,3343,3327,3337,3325,3345,3340,3339,3341,3329,3338,3328,3331,3347,3344,3326,3334
58 3348,3353,3349,3351,3358,3355,3352,3357,3350,3354,3356,3359
173 3366,3370,3361,3364,3376,3369,3377,3372,3365,3363,3360,3371,3362,3367,3368,3374,3373,3375
158 3381,3382,3378,3380,3379,3383
113 3423,3431,3403,3416,3399,3393,3396,3404,3427,3422,3386,3411,3428,3388,3406,3409,3424,3402,3398,3433,3384,3412,3387,3394,3401,3419,3391,3385,3414,3410,3417,3407,3397,3426,3435,3390,3432,3436,3420,3408,3425,3413,3437,3418,3400,3389,3430,3392,3415,3421,3395,3405,3434,3429
114 3442,3441,3438,3439,3440,3443
9 3456,3464,3445,3450,3447,3462,3457,3449,3465,3453,3463,3444,3451,3466,3452,3460,3467,3461,3446,3459,3455,3458,3448,3454
251 3472,3470,3471,3469,3468,3473
43 3476,3475,3478,3477,3474,3479
10 3488,3487,3495,3493,3484,3482,3480,3486,3492,3494,3481,3483,3490,3489,3491,3485,3497,3496
241 3500,3499,3502,3501,3498,3503
226 3525,3526,3508,3527,3523,3506,3515,3516,3520,3509,3504,3517,3512,3524,3510,3511,3505,3514,3522,3513,3518,3521,3507,3519
155 3557,3541,3553,3539,3531,3552,3533,3549,3545,3543,3538,3529,3528,3544,3556,3540,3534,3551,3530,3548,3550,3542,3537,3547,3546,3535,3532,3554,3555,3536
164 3563,3558,3560,3559,3562,3561
81 3575,3570,3572,3574,3576,3580,3578,3582,3587,3567,3579,3568,3581,3571,3566,3573,3577,3583,3565,3569,3584,3586,3585,3564
44 3590,3588,3589,3591,3592,3593
20 3602,3605,3595,3596,3604,3594,3597,3598,3600,3603,3601,3599
45 3621,3620,3614,3608,3606,3617,3618,3622,3607,3609,3611,3615,3616,3619,3610,3612,3613,3623
77 3648,3626,3640,3631,3659,3644,3653,3635,3637,3639,3660,3629,3627,3670,3641,3671,3655,3632,3650,3658,3643,3657,3624,3656,3664,3654,3646,3666,3628,3668,3661,3630,3663,3649,3645,3647,3642,3638,3652,3633,3662,3634,3651,3665,3636,3669,3667,3625
11 3682,3680,3672,3678,3673,3675,3677,3679,3674,3676,3681,3683
203 3707,3688,3712,3715,3702,3691,3718,3693,3695,3685,3713,3697,3686,3708,3704,3705,3689,3694,3699,3684,3698,3687,3711,3692,3710,3701,3700,3709,3696,3690,3706,3717,3714,3703,3716,3719
230 3730,3722,3724,3726,3729,3721,3728,3727,3723,3720,3725,3731
181 3743,3737,3749,3747,3744,3746,3740,3735,3750,3736,3755,3741,3748,3739,3732,3745,3733,3734,3754,3738,3752,3753,3742,3751
57 3758,3756,3759,3757,3760,3761
213 3777,3767,3771,3768,3770,3772,3764,3763,3762,3769,3774,3778,3775,3779,3776,3773,3765,3766
3 3784,3787,3788,3781,3786,3785,3783,3789,3791,3782,3780,3790
228 3817,3804,3796,3808,3795,3813,3807,3815,3816,3810,3814,3811,3821,3805,3797,3803,3792,3802,3819,3793,3820,3812,3798,3809,3806,3794,3801,3799,3800,3818
139 3834,3826,3832,3842,3827,3843,3829,3844,3836,3825,3833,3845,3839,3830,3824,3828,3823,3840,3822,3831,3837,3841,3838,3835
46 3876,3854,3856,3857,3851,3859,3846,3853,3864,3858,3863,3873,3867,3849,3865,3872,3878,3874,3871,3869,3880,3861,3875,3868,3850,3862,3870,3848,3860,3877,3847,3881,3852,3879,3866,3855
64 3940,3893,3935,3902,3887,3918,3913,3899,3941,3923,3901,3898,3892,3910,3929,3907,3897,3921,3888,3903,3891,3912,3934,3885,3920,3908,3900,3922,3914,3884,3889,3886,3925,3931,3895,3932,3933,3928,3919,3909,3930,3906,3896,3911,3936,3883,3924,3916,3890,3917,3926,3882,3937,3894,3939,3927,3938,3915,3904,3905
26 3943,3944,3945,3946,3942,3947
243 3951,3952,3950,3949,3948,3953
91 3956,3954,3955,3957,3958,3959
0 3962,3963,3961,3964,3965,3960
162 3977,3978,3976,3975,3971,3968,3982,3984,3970,3966,3980,3983,3979,3969,3981,3986,3973,3967,3987,3988,3985,3989,3974,3972
132 3998,4000,3999,3996,3997,3992,3990,3991,3995,3994,3993,4001
36 4016,4015,4014,4026,4005,4012,4024,4021,4007,4028,4008,4022,4023,4019,4031,4009,4025,4011,4018,4017,4020,4006,4003,4030,4010,4002,4013,4004,4029,4027
156 4032,4035,4033,4034,4036,4037
107 4046,4063,4057,4045,4048,4053,4071,4043,4064,4077,4070,4072,4075,4066,4044,4058,4047,4073,4062,4079,4054,4038,4052,4049,4078,4061,4060,4056,4051,4050,4074,4068,4076,4041,4065,4067,4042,4039,4069,4040,4059,4055
249 4086,4085,4081,4080,4082,4091,4089,4087,4083,4088,4084,4090
85 4095,4099,4103,4094,4097,4106,4104,4096,4102,4108,4093,4107,4092,4100,4105,4101,4109,4098
225 4126,4115,4127,4120,4110,4121,4118,4117,4119,4113,4125,4124,4122,4116,4114,4111,4112,4123
231 4133,4132,4128,4131,4130,4129
240 4137,4135,4141,4139,4134,4140,4145,4143,4144,4136,4142,4138
135 4175,4180,4148,4159,4153,4163,4160,4154,4176,4165,4147,4162,4164,4156,4166,4172,4171,4152,4155,4149,4169,4150,4157,4146,4161,4174,4167,4151,4158,4181,4177,4173,4178,4170,4179,4168
207 4183,4187,4186,4185,4182,4184
197 4188,4202,4204,4199,4208,4211,4193,4209,4200,4210,4206,4191,4205,4203,4196,4195,4201,4192,4197,4198,4194,4190,4189,4207
15 4215,4213,4212,4216,4214,4217
252 4221,4232,4218,4227,4224,4229,4228,4220,4219,4222,4223,4230,4231,4226,4233,4225,4235,4234
185 4247,4244,4246,4241,4236,4240,4242,4245,4243,4237,4238,4239
6 4260,4271,4257,4266,4255,4248,4261,4252,4265,4254,4262,4268,4259,4249,4250,4251,4269,4264,4256,4253,4258,4267,4263,4270
161 4285,4319,4300,4276,4278,4287,4307,4272,4274,4292,4286,4295,4318,4282,4281,4302,4293,4308,4309,4294,4289,4303,4280,4290,4279,4273,4284,4288,4317,4291,4306,4304,4299,4298,4277,4316,4311,4283,4301,4315,4296,4313,4310,4297,4312,4314,4305,4275
218 4327,4321,4325,4326,4328,4320,4331,4329,4322,4324,4330,4323
136 4339,4343,4335,4341,4332,4338,4334,4336,4342,4337,4333,4340
94 4354,4347,4344,4351,4346,4350,4348,4352,4349,4345,4353,4355
37 4368,4400,4403,4369,4371,4383,4385,4359,4380,4394,4382,4363,4372,4381,4367,4361,4392,4374,4384,4393,4395,4358,4364,4391,4398,4375,4396,4390,4389,4370,4362,4366,4373,4397,4377,4356,4402,4365,4378,4376,4386,4387,4360,4401,4357,4388,4379,4399
149 4411,4450,4463,4456,4461,4441,4408,4440,4406,4421,4467,4424,4412,4416,4429,4431,4426,4433,4425,4454,4436,4404,4453,4465,4439,4415,4407,4464,4437,4413,4451,4419,4445,4423,4435,4442,4432,4409,4443,4460,4428,4448,4449,4447,4417,4438,4459,4414,4420,4427,4422,4410,4446,4455,4430,4458,4434,4457,4444,4452,4405,4468,4469,4418,4462,4466
13 4471,4470,4472,4475,4473,4474
39 4477,4476,4479,4478,4480,4481
