481	0,329,670,1638,2405,2555,2703,3269,3540,3641
271	1,26,137,324,387,760,859,921,1239,1325
443	2,626,1054,1428,1876,1952,1998,2056,2202,3675
342	3,25,680,1015,1218,1923,1959,2840,3109,3114
88	4,297,1779,1782,2768,2800,2810,3087,3210,3363
245	5,441,1678,2545,2900,3101,3217,3477,4089,4236
262	6,173,720,1181,1476,1545,1615,2187,2480,2507
110	7,23,172,638,972,1086,1288,1385,1825,2172
19	8,51,531,705,1655,2002,2088,2887,3323,3864
592	9,94,300,959,2766,2815,3346,3438,3783,4261
240	10,36,307,545,570,628,1608,1835,1904,2057
449	11,524,962,1005,1101,1199,1231,1513,3032,3352
130	12,86,224,388,1324,1329,1473,1570,1637,2018
290	13,71,379,953,1105,1883,2041,2320,2449,2646
387	14,59,89,890,1248,1308,1335,1676,1734,1912
498	15,219,246,334,879,1251,1315,1328,1667,1763
554	16,550,913,1047,1065,1491,1508,1578,1910,1970
289	17,316,409,1465,1650,1766,1919,2666,2999,3446
129	18,220,682,749,875,944,987,2266,2702,3427
141	19,103,364,495,887,1091,1242,1627,1914,2595
390	20,933,1524,1700,1756,2369,2731,2837,2852,3078
355	21,61,160,206,514,564,980,1130,1222,1778
73	22,96,546,896,1295,1539,1770,1898,1908,2094
434	24,1208,1230,1319,1414,1656,2003,3002,3036,3081
301	27,259,475,937,1213,1477,2152,2210,2755,3103
574	28,200,507,582,925,963,1007,1367,1498,1590
275	29,431,811,870,1851,2019,2271,2523,3229,3815
323	30,82,158,275,526,1145,1437,2079,2482,2688
339	31,604,1053,1142,1178,2241,2299,2457,2628,3071
511	32,1006,1399,2340,3123,3693,3923,4127,4163
14	33,148,281,306,597,878,1853,2751,2813,2866
191	34,486,1012,1237,1448,1710,2078,2272,2563,2632
333	35,179,704,839,1064,1495,2055,2064,2177,2481
340	37,228,432,641,698,1336,1985,2010,2673,2917
345	38,191,394,702,983,1052,1109,1352,1376,1761
260	39,418,487,928,992,1037,1311,1544,1717,1769
217	40,75,836,1234,1541,2331,2612,2683,2724,2759
95	41,77,750,866,941,1190,1644,2115,2256,2307
62	42,446,644,818,935,1777,2381,2400,2642,2958
495	43,857,1001,1690,1983,2193,2486,2741,3411,3907
65	44,317,361,687,1307,1613,1974,2067,2173,2301
499	45,198,204,284,327,820,964,1160,1400,1530
66	46,199,304,346,1434,1971,2232,2607,3216,3594
362	47,459,606,665,2014,2492,2721,3044,3936,3971
20	48,774,1456,2143,2625,2788,2809,2940,3057,3316
89	49,321,695,723,929,1013,3014,3115,3243,3613
59	50,648,899,1084,1148,1723,2008,2517,3088
543	52,232,538,590,973,1228,1241,1814,2049,2644
559	53,177,192,1447,1503,1651,1891,2278,2306,2336
102	54,218,1282,1391,1572,1808,1840,2309,2414,3085
87	55,114,291,669,850,1804,1854,2175,2342,2966
490	56,663,1196,1511,1709,1893,2635,2694,3024,3202
169	57,430,724,885,1254,1740,1806,2725,2797,3074
40	58,80,438,1108,1375,1493,1752,2650,2799,2818
383	60,178,399,785,895,1386,1892,1902,2428,2706
306	62,112,231,560,837,1233,1712,1750,2214,2289
417	63,315,426,444,558,1079,1189,1244,1431,2184
150	64,113,217,395,945,1096,2120,2136,2398,2429
254	65,1128,1203,1302,1387,1521,1967,2476,2657,2765
120	66,257,1268,1758,2291,2352,2549,3155,3341,3432
599	67,656,802,901,971,1043,1313,1593,1603,2031
386	68,175,552,620,897,916,1416,1762,1811,2127
485	69,144,343,401,416,556,833,1481,1490,1600
74	70,312,843,1510,1694,1753,1874,2442,2726,3736
544	72,445,499,830,1171,1455,2263,2664,2709,2820
134	73,386,496,696,739,1185,2463,2764,3053,3510
29	74,354,957,1394,1759,2896,3353,3718,3816,4044
84	76,302,693,2028,2627,2728,2804,3250,3369,3385
331	78,208,679,867,1278,1871,1986,2316,2690,3075
248	79,133,427,515,614,671,752,888,985,1063
626	81,134,1479,1604,1775,1909,2000,2114,2851,3148
6	83,290,919,1444,1595,2551,2753,3298,3743,3761
325	84,267,781,816,1830,2904,3417,3481,3502,4051
407	85,250,711,1310,1468,2534,2777,3056,3197,3486
472	87,988,1235,1403,1564,2025,2250,2518,2624,2681
349	88,397,437,804,1707,2005,2118,2151,2234,2462
257	90,349,474,822,914,1044,1132,1159,1580,1631
525	91,596,1351,1471,1512,1652,2561,2634,3170,3459
414	92,294,440,770,1175,1422,2315,2516,2776,3182
256	93,789,1223,1343,1415,1900,2144,2487,2566,3093
103	95,193,691,1198,1341,1863,1993,2029,2097,2231
428	97,161,248,1408,1742,2720,2805,2880,2905,3184
96	98,216,742,848,1780,1813,1841,2608,2959,3254
463	99,194,473,924,960,1271,1395,1861,1931,2059
24	100,276,948,1767,2310,2614,3050,3394,4472
285	101,211,455,566,832,1583,2258,2349,2531,3190
523	102,408,617,715,1144,1170,1540,1797,1939,2235
82	104,1056,1870,2761,2863,3028,3059,3494,3530,3624
456	105,280,717,1262,2560,2873,3386,3515,3724,3996
239	106,452,547,909,1679,2265,2544,2727,3220,3620
148	107,470,572,1224,1594,1689,2975,3670,3707,3960
528	108,360,1140,1555,1930,2337,2394,2438,3295,3544
302	109,239,255,322,690,978,1688,2157,2236,2275
49	110,869,1303,1774,1953,2217,2484,4115,4264
45	111,517,548,622,788,1372,1865,1975,2095,2290
273	115,585,1050,1209,1831,1954,1969,2455,2705,2881
250	116,996,1023,1509,1591,1648,1669,1932,2113,2132
70	117,1133,1206,1420,1636,1786,2050,2065,2242,2488
100	118,149,342,727,1139,1294,2554,2602,3226,3340
560	119,447,923,1092,1193,1246,1392,1554,1588,1988
564	120,442,635,661,977,2169,2619,3646,3880,4116
182	121,462,812,952,1252,1489,1958,2125,2292,2729
305	122,411,636,1478,1722,1748,2240,2553,2794,2819
227	123,943,1069,1598,1626,1794,1877,2230,2375,2539
562	124,421,1127,1947,2245,2335,3228
56	125,221,279,651,1068,1312,1467,1506,1574,1972
192	126,265,472,563,790,803,1019,1020,1041,1359
503	127,285,683,886,1055,1531,1729,1805,2853,2894
0	128,1114,1816,1895,2149,2574,3049,3419,3449
93	129,164,509,823,1696,1990
39	130,370,512,654,1186,1204,1446,1664,1739,2825
630	131,314,719,1296,1396,2086,2444,2604,2648,2963
553	132,726,1371,1585,2137,2280,2567,2742,2838,2989
413	135,813,1355,1370,1654,1922,2131,2413,2483,2744
86	136,458,1378,2153,2888,3511,4074,4169
312	138,494,771,1046,1697,1820,2021,3010,3091,3348
255	139,319,707,1611,1645,2007,2305,2431,2885,3550
388	140,453,527,578,627,860,1174,1542,1768,1773
12	141,263,536,1008,1875,1926,2410,2558,2878,2902
259	142,223,605,787,1103,1361,2303,2540,2965,3189
532	143,162,471,903,1207,1410,1494,1996,2121,2161
295	145,443,783,974,1106,1533,1537,1966,2402,2677
424	146,233,270,639,1129,1261,1483,2192,2355,2515
571	147,207,292,753,1297,1632,1732,1737,1822,2257
210	150,184,436,513,603,745,799,970,1286,1348
545	151,215,463,686,1760,3686,4140,4318
128	152,664,1236,2587,2934,3211,3433,3846
320	153,640,761,853,1486,1527,3130,3805,3884,4262
431	154,864,1040,1087,1298,1340,1620,1659,1864,2119
121	155,519,845,1238,2269,2423,2513,2843,3265,3324
180	156,1173,1751,1949,2060,2203,3249,3414
438	157,485,904,1182,1484,1661,2249,2623,3152,3614
160	159,252,714,831,1815,2251,2530,3179,3627,4005
621	163,908,1126,1161,1362,1618,2038,2376,2780,2921
603	165,328,652,676,706,931,1266,1573,1657,1715
473	166,249,293,792,1205,1857,2655,2942,3574,4148
48	167,956,1635,1929,2044,2128,2327,3090,3364
168	168,403,501,746,1683,1824,2036,2493,2497,3108
540	169,594,660,949,1925,2536,2597,2667,2836,3260
162	170,381,703,912,1460,1643,1687,3391,4280
475	171,225,295,737,1327,1419,2556,2641,2811,2871
458	174,262,902,1201,1582,1795,2001,2660,3901,4015
625	176,482,777,827,1356,2361,2671,2832,3304,3607
332	180,242,521,1025,1120,1136,1649,2770,3611,4250
578	181,782,1021,2679,2915,2954,3758,3829,3921,4047
92	182,333,858,976,1210,1384,2084,2099,2397,2722
448	183,390,768,1347,1482,1999,2046,2417,2795,2891
36	185,748,847,2300,2424,2723,3161,3272,3844
232	186,357,423,492,522,871,1280,1532,1552,1597
83	187,309,541,882,1039,1515,1551,2393,2846,3310
533	188,311,414,589,1031,1411,1492,1746,1981,2004
367	189,359,574,900,1048,1332,1536,1610,2032,2154
515	190,393,1337,1858,2211,2254,2273,2906,2972,3292
467	195,338,406,592,961,1353,1833,2318,2747,2792
483	196,305,344,625,673,1859,2130,2388,2468,2913
136	197,478,621,862,1432,2458,2546,2631,2638,2824
453	201,234,365,1141,1374,2189,2366,2542,2908,3159
604	202,261,568,795,1062,1149,1165,1584,1933,2052
385	203,1457,1799,2109,2188,2503,2714,3809,3862,3917
548	205,699,965,1058,1443,2433,3041,3325,3654,3942
581	209,808,1629,2117,2288,2386,3105,3194,3487,4450
392	210,350,1469,1592,1792,3401,4052,4083,4205,4437
594	212,236,689,1151,2988,3027,3164,3344,3537,3562
547	213,339,729,883,940,1671,1855,1881,2647,3302
313	214,244,476,798,927,1167,1259,1480,1653,1701
516	222,1116,1318,1459,1619,2206,2367,2377,2735,3230
439	226,251,610,646,775,805,1163,1913,2017,2042
435	227,389,479,588,880,1104,1924,1989,2651,3060
176	229,413,955,1137,1350,1964,2011,2750,2936,3016
225	230,730,757,981,1534,1810,2333,2453,2829,3482
541	235,410,602,611,1118,2562,3127,3271,3602
549	237,503,549,759,814,986,1321,2156,2372,2698
99	238,345,396,553,675,954,1342,1426,1499,1713
406	240,271,1051,1121,1123,1634,1879,2689,3111,3192
17	241,298,326,713,1433,1790,1961,2039,2168,2752
298	243,356,429,1022,1267,2107,2260,2317,2932,3276
492	245,881,1549,1796,2033,2103,2186,2528,2606,2787
412	247,511,1381,1784,2035,2087,2104,2209,2579,3043
510	253,489,593,767,1247,1529,1581,1686,2198,2616
72	254,288,337,491,565,608,934,1107,3388,3462
77	256,264,363,595,898,1042,1364,2155,2313,2474
35	258,1317,1899,1982,2351,2586,2603,2964,3092,3240
517	260,451,1346,1801,2090,2216,2617,2931,3277,3801
189	266,826,1074,1183,1225,2477,3859
23	268,506,523,1197,1785,2237,2368,2418,3094,3483
283	269,623,642,666,1439,1718,1911,2072,2171,2248
243	272,892,1003,1497,1848,2030,2325,2511,2570,2580
41	273,591,637,1004,1217,1284,1360,1668,1724,2227
366	274,484,1547,1617,1905,2746,2876,3188,3522,3589
459	277,632,1119,1425,2233,2360,2401,2704,2823,2858
307	278,362,577,1036,1220,1429,1743,1800,1935,2093
246	282,392,1028,1164,1458,2183,2268,2868,3120,3247
489	283,358,598,659,1357,1951,2220,2601,3422,3533
238	286,674,1255,1344,1839,1868,2893,2985,3755
311	287,510,599,712,1061,1124,1464,1738,2208,2937
223	289,756,872,1016,1067,1078,1442,1518,1673,2159
122	296,755,1316,1733,1884,2080,2148,2165,2509,2774
437	299,741,1438,1623,1896,2281,2548,3248,3659,3702
419	301,1249,1516,1663,1979,2016,2495,2605,3361,3406
573	303,1441,1523,1818,2092,2364,2670,3063,3367,3380
416	308,518,764,819,1221,1834,1955,2610,3266,3554
26	310,1754,3227,3274,3858,4309
426	313,533,653,1563,1941,2074,2833,2912,3867,3958
441	318,561,841,1169,1258,1662,2150,2520,3154,3235
326	320,425,539,584,834,1903,2058,2559,3156,3387
397	323,725,1575,1706,1783,2535,2696,2733,2827,3005
504	325,493,567,709,1543,1889,2328,2639,3011,3343
538	330,466,920,1112,1548,2051,2108,2338,2578,2715
582	331,417,1424,1745,1886,2347,3223,3605,3733,3772
52	332,520,982,994,1301,1728,2146,2659,2930,3354
67	335,995,1082,1226,1507,1927,2098,2403,3920,4282
30	336,579,842,1398,1622,1744,1968,2243,2710,2928
479	340,950,1462,2527,2773,3785,4117,4220,4265,4384
171	341,1276,1485,2160,2380,3143,4049
370	347,643,905,946,1274,1401,1519,1837,2034,2618
440	348,701,721,966,1090,1450,1535,1571,1612,1702
138	351,435,773,1263,1625,1692,2225,2395,2472,3183
334	352,498,684,1095,1153,1330,1413,1562,1675,1789
3	353,645,784,1289,1736,1867,1920,1960,2181,2498
359	355,780,1388,2255,2686,3151,3253,3408,3775,4194
296	366,612,1639,1727,2239,2680,3064,3242,3355,3576
612	367,778,1188,1299,1916,2283,2330,2467,2775,2862
615	368,534,876,1024,1157,1693,1705,2277,2323,2678
274	369,678,740,1287,2279,2348,2390,2817,3339,3919
282	371,692,763,942,1010,1285,1719,1765,2091,2212
118	372,657,794,1291,1380,1606,1714,1934,2122,2489
158	373,1098,1435,1698,1809,1948,2297,2732,3052,3297
272	374,532,1691,1866,2621,4006
442	375,716,801,861,1852,2170,2286,3082,3144,3384
105	376,1402,1699,2229,3000,3121,3721,4072,4103
209	377,460,915,1070,1240,1550,1680,2738,3832
270	378,629,718,846,917,1957,2185,2308,2425,2524
183	380,1150,1418,1517,1624,1772,2919,3073,3200,3551
478	382,450,758,969,1000,1034,1071,1269,1405,1894
76	383,404,428,615,1100,1147,1587,1630,1849,2101
224	384,829,1453,1641,2112,2218,2512,3390,3628,4362
199	385,889,2502,2865,3524,3596,4050
398	391,530,573,700,769,1029,1945,2068,2133,2439
374	398,647,856,1125,1314,2081,2215,2967,2992,3140
583	400,587,1320,1607,2076,2219,2995,3207,3320,3452
347	402,936,1290,1579,1730,1907,1928,2027,2295,2440
566	405,516,779,865,939,2006,2341,2565,3062,3322
5	407,557,662,997,1122,1412,1793,2485,2543,3435
143	412,824,1081,1187,1191,1379,2296,2672,3374,3672
591	415,607,815,989,1111,1219,1304,1681,1802,2590
600	419,601,910,1684,1965,2054,2228,2500,2525,3689
25	420,554,1243,1404,1942,2422,2695,3445,3749,3780
11	422,1017,1393,3201,3595,4008
505	424,1166,1202,2247,2359,2378,2552,2575,2927,3674
322	433,810,975,1093,1682,1944,2040,2499,2663,3089
292	434,483,1059,1409,2662,2857,2890,2987,3191,3349
237	439,734,1292,1427,2179,2445,2941,3124,3150,3810
21	448,544,618,828,967,1377,1614,1977,2053,2199
551	449,796,807,1817,1880,2798,3752,3824,3969,4364
153	454,840,1602,1646,1735,1807,1936,2026,2222,2708
631	456,1365,1747,2598,2674,2956,3397,3604,4329
174	457,1045,1300,1373,1520,2841,2929,3040,3072,3520
231	461,668,708,938,1089,1113,1474,1514,1621,2106
233	464,543,922,947,1154,1215,1781,1869,1987,2478
527	465,650,800,1787,1847,1885,2063,2267,2420,2771
447	467,624,1032,1057,1227,1264,1633,3750,4193
146	468,480,911,1407,1878,2191,2898,3097,3281,3430
429	469,685,1073,1803,1901,2047,2158,2572,2591,2978
314	477,571,576,1072,1331,1358,2020,2182,2285,2374
567	481,555,849,1281,1461,1950,2772,2957,3786,3814
509	488,551,562,817,1066,1083,1890,3760,4095,4126
518	490,1026,1134,1828,1836,2071,2135,2163,3068,3219
294	497,894,1212,1366,2166,2370,2952,3347,3701,4356
315	500,559,744,825,1027,1260,1558,2345,3282,3826
113	502,581,797,884,1176,1605,2466,2611,2691,3006
50	504,583,906,930,1559,1827,2037,2110,2142,2312
194	505,852,1339,1577,1711,1897,2839,2856,2895,3531
364	508,863,1033,1152,1421,1589,1994,2073,2111,2365
476	525,658,762,1293,2490,2640,3270,3321,3357,3946
552	528,616,738,1454,2096,2145,2411,2434,3117,3548
261	529,569,1616,2066,2205,2461,2801,2879,3174,3521
365	535,1349,1423,1665,1695,3021,4208,4332
500	537,1256,1829,1843,2207,2870,3280,3644,3978,4471
38	540,1846,2062,2200,2383,2404,2505,3476,3546,4151
404	542,677,1143,1253,1741,1978,2124,2382,3031,3311
211	575,619,722,838,1035,1997,2023,2259,2387,2699
327	580,694,1565,2406,3180,3606,3668,3740,3980,4146
565	586,1179,1283,2129,2526,3171,3543,4079
249	600,733,874,1115,1195,1273,1452,1560,1703,2532
436	609,1018,1749,1850,1963,2138,3106,3590,3658
265	613,630,2147,2454,3008,3163,3255,3358,3929,4032
378	631,747,2676,2909,3306,3649,3988,4315
9	633,765,1882,2998,3825,3990,4019
425	634,1077,1158,1172,1326,1363,1553,2116,2284,2760
558	649,681,926,1076,1155,1470,1488,1567,1596,1821
350	655,736,754,1011,1030,1117,1731,2391,2781,2920
477	667,735,873,951,998,1200,1451,1500,1776,2194
454	672,893,1322,1561,2529,2633,2645,2951,3001,3436
132	688,806,851,1085,2100,2889,2935,2953,3351,3934
570	697,877,979,1323,1449,1995,2013,2533,3238,3501
218	710,766,1345,1406,1823,2244,2473,3299,3695,3843
147	728,776,854,984,1430,1666,1685,2304,2884,3516
310	731,891,1369,1946,2339,2475,2693,2831,3313,3337
135	732,751,809,1214,1526,1674,1725,2069,3418,3709
555	743,1009,1097,1162,1194,1277,1445,2077,2514,2588
144	772,990,1060,1245,1382,1726,1791,1956,1973,2470
46	786,868,1002,1557,2465,2793,2859,3019,3632,3694
207	791,1466,1670,1826,2389,2736,2779,3338,3440,3711
432	793,1110,1146,1156,1216,1538,2012,2164,3372,3567
97	821,1184,1305,1389,3086,3467,3566,4390
433	835,1102,1397,1525,1819,3035,3794,3894,4133,4195
373	844,1229,1609,2356,2407,2594,2796,3234,3480,4106
620	855,1502,1980,2379,2412,2573,3609,3629
54	907,968,1168,1757,1873,1887,1918,3437,3474,3577
51	918,1569,1862,2024,2675,2757,4311
258	932,1094,1275,1566,1917,2808,3208,3263,3465,3811
184	958,993,1014,1135,1211,1716,2015,2195,2363,2557
142	991,1099,1472,1568,1601,2141,2396,2593,3054
402	999,1390,2126,2322,3552,3653,3767,4153,4359
177	1038,1250,1440,1658,1708,2784,2821,2973,3745,4268
389	1049,1075,1270,1383,1501,1764,2415,2990,3018,3258
595	1080,2089,2197,3319,3377
170	1088,1180,1436,1546,1628,1640,1856,2226,2319,2362
423	1131,1463,1798,2262,2538,3309,3492,3903,4024,4293
462	1138,1475,2075,2343,3600,3776,3838
623	1177,1192,1272,1576,1672,1838,2447,2584,3213,3333
278	1232,1487,2464,2599,2649,2687,2812,3012,3642,3681
506	1257,1368,1505,1677,2892
611	1265,1306,1496,2048,2658,2807,3185,3187,3294,3685
393	1279,1338,1417,1647,2294,2329,2571,3399,4043,4085
351	1309,1771,1860,2274,2419,2864,3222,3471,3506,3618
330	1333,1522,2276,2450,2564,2791,3066,3499,3804,4385
482	1334,2223,2357,2899,3061,3365,3517,4081,4108,4451
568	1354,2178,2324,2577,2701,3017,3532,4094,4227,4310
244	1599,1755,1788,2435,2665,2828,2901,3293,3461,3490
16	1660,1937,2826,2924,3239,3538,3739,3910
410	2460,3023,3048,3955,4259
