234	7,10,4,6,1,11,2,9,3,8
1	39,38,21,16,23,24,31,36,34,37
4	49,50,53,52,47,48,44,46,42,51
16	64,57,65,56,61,62,55,59,58,63
18	109,111,113,95,99,90,92,67,88,83
19	125,119,122,114,121,120,118,115,116,123
21	130,126,143,155,160,157,145,139,154,133
23	165,162,175,177,172,169,173,163,171,168
24	191,190,189,180,186,187,184,188,185,183
25	193,194,192,195,199,203,202,197,201,200
28	217,221,206,209,208,212,205,214,211,216
30	239,237,232,231,238,236,229,227,222,228
31	255,256,247,253,243,242,257,244,248,241
32	265,279,264,260,274,258,269,272,263,278
216	322,323,321,294,290,308,319,307,317,289
34	328,370,363,371,349,348,372,359,352,367
40	383,395,394,393,389,386,384,380,392,387
41	404,397,396,402,406,413,412,401,398,411
42	418,428,430,420,415,429,427,423,422,416
199	437,436,432,433,435,434
160	472,473,471,440,465,469,452,470,443,459
47	487,512,503,517,474,511,489,519,514,488
78	549,548,551,547,550,529,538,545,540,544
48	563,554,552,562,560,553,556,557,561,555
53	564,575,572,574,569,570,566,568,571,567
250	593,590,592,583,588,580,579,577,587,576
49	595,604,600,603,605,594,601,602,596,598
257	607,606,611,609,610,608
22	615,622,619,620,623,618,614,616,617,612
67	652,654,651,657,656,650,648,655,638,628
68	676,690,691,695,692,663,685,684,665,675
69	706,701,702,707,699,696,698,697,700,705
71	725,723,724,721,722,720,713,715,712,709
74	736,735,732,733,727,730,726,737,731,729
75	790,759,788,763,794,770,767,754,778,772
76	803,802,800,799,798,801
159	814,804,815,808,809,813,806,812,810,807
80	898,822,885,903,901,845,899,838,897,817
82	928,929,924,914,919,916,913,923,920,918
83	931,945,942,960,966,971,972,973,974,954
84	978,983,980,982,979,981
87	992,986,1013,1010,989,1011,990,1012,998,1003
88	1019,1016,1017,1014,1018,1015
90	1020,1030,1022,1025,1026,1028,1023,1029,1027,1031
92	1037,1041,1042,1043,1035,1040,1033,1039,1036,1038
96	1044,1052,1047,1048,1053,1049,1045,1054,1050,1046
98	1066,1065,1060,1067,1063,1058,1062,1056,1061,1064
97	1068,1084,1073,1083,1078,1077,1081,1085,1080,1075
102	1090,1086,1087,1091,1089,1088
190	1096,1095,1092,1097,1094,1093
105	1100,1109,1106,1102,1104,1103,1101,1108,1099,1105
50	1111,1115,1112,1110,1114,1113
106	1117,1120,1116,1119,1118,1121
108	1147,1132,1128,1148,1130,1142,1151,1136,1137,1146
112	1159,1153,1158,1162,1152,1156,1161,1154,1155,1163
119	1186,1175,1182,1178,1172,1187,1168,1167,1185,1165
120	1198,1196,1188,1193,1194,1195,1191,1197,1199,1190
121	1204,1207,1203,1219,1222,1224,1223,1208,1221,1228
122	1266,1285,1271,1254,1291,1247,1238,1243,1288,1245
65	1311,1312,1313,1302,1304,1299,1298,1303,1307,1301
124	1319,1317,1314,1318,1315,1316
125	1321,1322,1323,1320,1325,1324
115	1330,1326,1331,1328,1327,1329
126	1337,1332,1336,1334,1335,1333
128	1341,1352,1343,1346,1342,1340,1353,1350,1348,1355
131	1446,1359,1372,1467,1364,1395,1381,1410,1450,1380
129	1481,1480,1478,1476,1477,1479
130	1484,1487,1483,1486,1485,1482
134	1494,1491,1499,1497,1490,1489,1493,1488,1492,1498
138	1504,1503,1500,1501,1505,1502
142	1506,1529,1521,1511,1508,1518,1526,1525,1515,1528
144	1535,1533,1532,1534,1531,1530
60	1573,1544,1575,1574,1571,1536,1562,1537,1547,1554
146	1587,1580,1593,1581,1595,1594,1578,1579,1588,1589
147	1612,1606,1603,1610,1611,1608,1613,1597,1600,1607
148	1616,1617,1614,1619,1615,1618
151	1630,1631,1629,1620,1622,1624,1626,1627,1621,1625
152	1657,1664,1661,1651,1656,1645,1659,1649,1654,1653
153	1688,1686,1681,1679,1689,1675,1673,1674,1691,1684
165	1715,1706,1702,1714,1709,1707,1712,1710,1713,1703
167	1717,1719,1721,1718,1720,1716
168	1723,1731,1726,1730,1725,1728,1722,1727,1724,1732
169	1769,1739,1765,1740,1761,1762,1750,1744,1758,1736
171	1778,1776,1774,1780,1779,1777,1772,1770,1781,1771
172	1783,1784,1787,1782,1785,1786
175	1806,1802,1803,1811,1825,1789,1791,1834,1814,1835
177	1849,1845,1865,1863,1861,1847,1858,1864,1848,1846
178	1878,1871,1875,1867,1873,1866,1876,1870,1877,1880
179	1888,1885,1887,1886,1889,1884
182	1893,1890,1891,1895,1894,1892
183	1901,1900,1904,1905,1899,1907,1906,1898,1897,1903
73	1921,1910,1916,1911,1924,1917,1920,1918,1922,1925
184	1931,1934,1928,1926,1935,1933,1937,1932,1936,1927
186	1940,1942,1956,1955,1953,1938,1960,1958,1941,1961
187	1975,1993,1972,1992,1996,1967,1997,1970,1973,1966
255	2009,2005,2008,2003,2007,1998,2002,2000,2004,2001
188	2029,2031,2023,2032,2014,2027,2030,2011,2024,2012
109	2059,2061,2035,2045,2063,2047,2049,2057,2062,2053
191	2082,2091,2087,2066,2090,2078,2072,2067,2069,2077
193	2101,2095,2097,2104,2105,2096,2100,2102,2094,2098
194	2120,2121,2122,2118,2117,2127,2107,2119,2116,2111
196	2157,2156,2136,2155,2151,2158,2139,2154,2144,2143
198	2238,2236,2213,2231,2212,2221,2209,2161,2176,2198
200	2252,2254,2253,2249,2248,2255,2246,2247,2245,2251
201	2275,2261,2270,2269,2267,2282,2259,2273,2265,2278
202	2314,2290,2313,2311,2315,2288,2306,2298,2299,2305
204	2321,2317,2316,2318,2319,2320
206	2344,2332,2336,2334,2330,2326,2325,2338,2324,2342
208	2354,2353,2351,2358,2365,2350,2352,2367,2349,2360
245	2372,2385,2387,2386,2370,2373,2383,2377,2381,2374
209	2399,2398,2392,2391,2393,2390,2389,2395,2394,2396
210	2423,2420,2422,2402,2404,2406,2410,2413,2411,2401
214	2459,2432,2429,2437,2427,2446,2462,2441,2461,2457
215	2469,2471,2467,2470,2466,2468
217	2474,2476,2477,2475,2472,2473
219	2489,2479,2487,2492,2484,2483,2480,2485,2490,2482
221	2513,2511,2505,2498,2503,2506,2508,2512,2507,2500
222	2535,2569,2550,2516,2517,2572,2551,2544,2522,2566
223	2589,2579,2590,2591,2586,2581,2580,2588,2576,2578
227	2609,2599,2603,2596,2607,2600,2608,2597,2602,2595
229	2610,2615,2613,2612,2614,2611
232	2616,2623,2622,2628,2617,2632,2629,2625,2633,2621
235	2635,2637,2636,2634,2638,2639
236	2644,2643,2645,2642,2640,2641
110	2649,2651,2650,2647,2646,2648
239	2654,2698,2696,2697,2668,2657,2695,2694,2661,2699
55	2718,2733,2707,2739,2740,2725,2737,2719,2727,2745
246	2748,2749,2753,2750,2752,2751
248	2765,2771,2767,2769,2756,2760,2770,2757,2762,2764
253	2783,2776,2782,2781,2775,2772,2780,2778,2779,2774
254	2788,2784,2787,2789,2786,2785
256	2797,2801,2792,2794,2793,2800,2790,2798,2799,2791
258	2825,2842,2845,2827,2847,2843,2849,2812,2809,2844
259	2855,2850,2859,2858,2861,2853,2860,2854,2852,2851
260	2872,2879,2862,2867,2876,2874,2878,2868,2863,2877
262	2885,2883,2880,2889,2882,2881,2888,2886,2887,2891
263	2903,2910,2914,2907,2906,2911,2898,2902,2905,2912
123	2926,2933,2920,2916,2925,2931,2932,2922,2928,2930
224	2944,2945,2939,2943,2940,2936,2938,2935,2937,2934
103	2960,2948,2952,2964,2962,2949,2968,2946,2951,2967
5	2980,2981,2979,2978,2972,2975,2974,2973,2977,2970
62	3003,3005,2993,2997,3004,2991,3002,2996,2988,3001
145	3039,3014,3025,3024,3036,3012,3034,3029,3038,3027
72	3047,3043,3046,3042,3044,3045
163	3104,3067,3084,3098,3074,3069,3096,3070,3088,3105
150	3113,3112,3109,3108,3111,3110
38	3116,3119,3115,3117,3118,3114
8	3133,3131,3128,3125,3136,3126,3122,3134,3135,3137
27	3138,3139,3141,3140,3142,3143
79	3149,3145,3146,3148,3144,3147
61	3175,3182,3181,3178,3162,3176,3152,3174,3173,3158
176	3203,3193,3202,3194,3188,3198,3199,3201,3190,3189
154	3212,3218,3220,3215,3204,3221,3216,3208,3206,3219
33	3224,3226,3225,3223,3227,3222
7	3245,3243,3244,3231,3237,3241,3240,3236,3233,3230
189	3251,3250,3246,3247,3249,3248
89	3262,3257,3287,3265,3292,3268,3288,3266,3277,3276
100	3296,3298,3305,3303,3300,3301,3295,3302,3304,3294
17	3310,3306,3311,3309,3307,3308
35	3317,3312,3316,3314,3313,3315
63	3318,3320,3319,3321,3323,3322
2	3334,3326,3330,3332,3324,3331,3347,3344,3328,3325
58	3359,3350,3354,3356,3351,3352,3357,3355,3348,3358
173	3375,3366,3373,3374,3368,3372,3371,3363,3360,3369
158	3383,3379,3378,3382,3380,3381
113	3429,3434,3405,3431,3389,3423,3403,3428,3415,3420
114	3443,3438,3440,3439,3442,3441
9	3454,3448,3445,3464,3456,3451,3455,3458,3465,3444
251	3473,3470,3469,3468,3471,3472
43	3479,3475,3476,3474,3478,3477
10	3496,3497,3495,3488,3487,3485,3489,3491,3483,3481
241	3503,3498,3501,3502,3500,3499
226	3519,3507,3508,3527,3525,3521,3526,3522,3518,3512
155	3536,3555,3541,3553,3557,3554,3550,3556,3547,3537
164	3561,3563,3562,3559,3560,3558
81	3564,3585,3586,3584,3575,3570,3569,3583,3565,3587
44	3593,3592,3588,3589,3591,3590
20	3599,3603,3601,3597,3598,3594,3595,3600,3602,3605
45	3623,3613,3612,3608,3620,3614,3621,3611,3606,3619
77	3625,3665,3667,3651,3669,3640,3648,3626,3638,3670
11	3681,3682,3676,3683,3673,3677,3672,3680,3678,3675
203	3716,3719,3703,3714,3712,3717,3688,3715,3707,3706
230	3731,3730,3727,3725,3729,3722,3723,3728,3721,3726
181	3751,3742,3749,3737,3753,3743,3747,3744,3746,3738
57	3761,3760,3757,3759,3756,3758
213	3766,3778,3777,3771,3773,3769,3779,3774,3765,3776
3	3780,3790,3784,3787,3791,3789,3782,3783,3788,3786
228	3818,3800,3799,3817,3812,3801,3808,3806,3820,3794
139	3835,3834,3840,3837,3833,3841,3822,3828,3836,3838
46	3855,3866,3879,3854,3876,3877,3847,3852,3881,3869
64	3905,3915,3904,3938,3893,3935,3902,3940,3941,3939
26	3947,3942,3946,3945,3943,3944
243	3953,3948,3950,3949,3952,3951
91	3959,3958,3955,3957,3956,3954
0	3960,3962,3963,3965,3961,3964
162	3972,3974,3971,3966,3981,3967,3985,3980,3989,3983
132	3995,3993,3994,4001,4000,3998,3991,3997,3992,3990
36	4027,4020,4010,4017,4002,4003,4023,4011,4008,4013
156	4037,4033,4036,4035,4032,4034
107	4055,4059,4040,4069,4064,4063,4071,4057,4056,4048
249	4090,4086,4084,4081,4091,4088,4080,4087,4082,4083
85	4109,4098,4095,4104,4092,4094,4105,4093,4101,4107
225	4123,4112,4126,4111,4114,4115,4113,4125,4119,4124
231	4129,4133,4131,4130,4128,4132
240	4138,4135,4137,4145,4144,4142,4136,4140,4143,4139
135	4168,4181,4176,4180,4178,4158,4161,4179,4177,4175
207	4184,4185,4182,4187,4186,4183
197	4207,4189,4202,4204,4188,4206,4201,4199,4195,4192
15	4217,4215,4214,4212,4216,4213
252	4234,4235,4225,4221,4232,4224,4231,4233,4223,4227
185	4239,4238,4247,4244,4237,4243,4241,4242,4245,4240
6	4270,4263,4271,4260,4253,4256,4258,4264,4252,4250
161	4275,4305,4314,4300,4299,4319,4285,4316,4297,4317
218	4330,4323,4324,4327,4322,4326,4331,4329,4325,4321
136	4340,4333,4339,4343,4334,4335,4337,4342,4341,4336
94	4353,4355,4345,4354,4347,4349,4346,4348,4352,4350
37	4399,4388,4379,4357,4377,4368,4369,4387,4396,4401
149	4466,4462,4418,4469,4441,4463,4456,4461,4468,4440
13	4474,4475,4473,4471,4470,4472
39	4481,4480,4476,4478,4477,4479
244	4482,4485,4483,4487,4486,4484
