234 10,2,6,11,9,8,4,3,0,1,5,7
1 39,38,21,23,24,31,34,16,36,37,17,22,30,13,40,12,28,27,35,14,15,25,33,26,29,41,19,18,20,32
4 50,53,48,52,47,42,46,44,51,43,45,49
16 57,61,56,65,64,62,55,54,59,58,60,63
18 109,111,113,95,92,67,90,99,88,106,68,83,107,112,93,110,78,69,97,91,98,79,104,76,101,84,73,96,66,94,82,71,75,86,72,108,100,89,74,80,87,105,102,81,103,70,77,85
19 114,121,116,118,122,120,119,123,115,124,117,125
21 126,155,143,160,157,145,154,150,135,161,144,133,149,139,136,142,158,141,153,147,132,151,128,156,127,134,148,159,146,137,152,129,131,140,138,130
23 165,162,175,172,177,173,169,171,179,167,170,176,166,163,178,164,174,168
24 190,189,191,180,184,186,187,185,181,182,188,183
25 194,192,193,195,203,202,199,200,197,196,198,201
28 221,209,206,212,208,205,216,211,213,207,215,218,214,219,204,220,210,217
30 239,237,232,231,238,236,227,228,223,222,229,235,224,225,226,230,233,234
31 255,256,253,247,243,248,242,241,257,245,251,244,252,246,249,240,250,254
32 265,279,264,258,274,260,272,269,261,278,267,275,263,268,259,276,277,266,280,270,281,271,273,262
216 322,323,294,321,290,308,291,289,307,287,282,298,302,316,313,304,319,303,297,317,300,309,292,320,295,310,285,318,306,296,286,284,315,283,293,305,311,312,314,288,301,299
34 328,370,363,372,371,349,348,352,359,345,356,338,357,330,343,336,367,353,332,374,355,326,342,362,346,325,361,369,335,347,339,351,331,366,360,354,373,341,329,334,340,333,324,375,327,364,358,344,368,337,350,377,365,376
40 395,394,393,389,384,392,380,386,379,382,388,385,381,378,391,387,390,383
41 397,402,398,396,406,401,412,400,411,409,407,413,410,408,399,405,403,404
42 418,428,430,420,415,429,423,416,427,419,424,425,417,421,431,422,426,414
199 437,436,433,432,435,434
160 472,440,471,473,465,452,469,470,443,448,451,459,468,466,462,446,455,458,442,447,449,461,456,450,464,445,463,454,457,438,467,444,453,460,441,439
47 487,512,517,503,519,489,474,511,514,498,485,488,518,484,486,479,480,513,492,497,521,520,508,515,510,490,496,504,493,499,506,475,507,476,478,482,477,483,481,495,516,509,491,502,500,505,494,501
78 548,549,547,551,538,540,544,529,545,550,522,528,532,524,533,546,541,526,536,523,531,539,543,525,542,530,534,527,537,535
48 554,552,562,560,563,553,556,557,561,555,558,559
53 575,564,572,574,569,570,566,568,567,571,573,565
250 590,592,588,580,579,583,587,577,584,582,585,586,576,589,591,578,581,593
49 604,603,600,596,599,605,601,594,602,597,598,595
257 606,607,609,611,610,608
22 622,615,619,620,618,616,623,614,612,617,613,621
67 652,654,651,657,656,650,648,638,655,647,628,644,631,626,645,641,634,642,653,635,636,633,643,640,658,632,646,649,639,630,629,637,659,625,624,627
68 676,690,691,695,692,663,684,685,675,669,689,665,694,679,667,671,672,662,660,666,693,661,687,678,688,668,686,683,680,670,681,677,674,664,682,673
69 706,701,702,698,699,696,707,697,705,704,703,700
71 723,725,721,724,722,713,712,720,709,708,717,710,715,714,718,716,719,711
74 736,735,732,733,727,731,729,726,737,730,734,728
75 790,788,770,794,759,767,763,764,772,754,774,783,789,756,745,743,751,778,738,747,784,795,752,742,793,780,781,739,787,791,740,796,786,765,758,761,753,762,773,748,782,757,775,766,755,760,785,777,769,750,792,749,779,744,797,776,768,741,771,746
76 803,802,800,799,798,801
159 808,804,815,809,813,812,810,806,807,805,811,814
80 845,903,901,822,885,898,838,899,909,897,904,817,819,837,900,856,850,872,828,869,835,894,911,873,880,864,867,892,874,871,824,833,842,818,888,907,832,906,863,848,910,829,851,896,893,816,821,882,868,877,883,905,853,834,891,881,836,830,847,839,840,844,841,886,889,879,826,890,855,857,862,859,831,843,895,846,878,820,861,827,858,870,823,866,875,849,865,887,908,876,860,825,884,852,902,854
82 928,929,914,924,916,919,913,918,920,923,925,922,927,926,912,921,917,915
83 931,945,942,971,960,966,936,972,973,974,954,967,961,970,951,935,952,958,975,968,965,962,949,932,977,930,959,938,955,969,946,940,953,963,943,947,937,948,957,950,956,976,964,944,941,939,934,933
84 978,983,980,982,979,981
87 992,986,1013,1010,989,990,1011,1012,998,1003,1009,993,996,994,985,1005,997,1002,995,1008,1000,1007,988,1001,991,987,1004,999,1006,984
88 1019,1016,1014,1018,1015,1017
90 1020,1030,1022,1025,1023,1028,1026,1021,1029,1031,1024,1027
92 1037,1041,1042,1043,1035,1040,1033,1036,1039,1034,1038,1032
96 1052,1048,1053,1047,1054,1055,1049,1050,1045,1051,1046,1044
98 1060,1066,1067,1065,1063,1058,1062,1061,1056,1064,1059,1057
97 1084,1073,1083,1078,1081,1077,1085,1082,1080,1071,1069,1075,1074,1076,1079,1072,1070,1068
102 1086,1090,1087,1089,1091,1088
190 1095,1097,1093,1094,1092,1096
105 1109,1106,1102,1104,1101,1103,1105,1098,1108,1099,1107,1100
50 1111,1112,1115,1110,1113,1114
106 1120,1116,1117,1118,1119,1121
108 1132,1130,1128,1148,1125,1142,1151,1138,1136,1135,1124,1149,1134,1139,1146,1150,1122,1145,1137,1140,1143,1127,1131,1144,1129,1123,1126,1133,1141,1147
112 1153,1162,1152,1156,1158,1154,1163,1155,1160,1161,1157,1159
119 1175,1182,1178,1187,1172,1168,1181,1165,1185,1164,1184,1166,1171,1167,1169,1183,1173,1170,1179,1177,1180,1174,1176,1186
120 1196,1194,1188,1195,1191,1199,1193,1197,1192,1189,1190,1198
121 1207,1222,1203,1219,1224,1208,1221,1228,1223,1200,1212,1214,1211,1216,1220,1226,1202,1215,1213,1229,1225,1209,1218,1210,1206,1227,1217,1205,1201,1204
122 1266,1238,1247,1285,1291,1271,1254,1243,1290,1288,1245,1241,1230,1233,1267,1237,1286,1278,1232,1280,1277,1252,1289,1273,1231,1294,1268,1275,1295,1287,1246,1269,1250,1274,1234,1293,1263,1259,1248,1282,1276,1270,1251,1235,1258,1262,1265,1253,1261,1283,1239,1255,1244,1236,1281,1272,1242,1284,1264,1279,1240,1256,1257,1292,1260,1249
65 1311,1312,1313,1302,1304,1303,1298,1299,1301,1305,1307,1297,1308,1300,1306,1310,1296,1309
124 1317,1314,1319,1318,1315,1316
125 1320,1322,1323,1324,1325,1321
115 1330,1326,1329,1327,1328,1331
126 1337,1332,1336,1334,1335,1333
128 1352,1343,1342,1353,1354,1346,1340,1355,1348,1351,1350,1345,1338,1344,1339,1349,1347,1341
131 1446,1359,1372,1422,1380,1467,1364,1410,1450,1381,1395,1376,1387,1404,1413,1416,1385,1444,1447,1382,1414,1456,1415,1426,1442,1377,1397,1475,1448,1407,1451,1366,1370,1457,1445,1408,1439,1452,1428,1398,1379,1471,1454,1443,1421,1464,1433,1363,1453,1418,1458,1465,1434,1429,1388,1361,1459,1412,1466,1378,1389,1441,1392,1437,1449,1474,1365,1440,1405,1371,1401,1369,1419,1367,1473,1455,1424,1435,1383,1391,1394,1425,1375,1373,1403,1463,1470,1462,1406,1432,1409,1460,1393,1386,1431,1400,1384,1356,1358,1362,1411,1420,1472,1360,1461,1357,1436,1417,1396,1468,1374,1368,1469,1399,1402,1427,1390,1430,1438,1423
129 1481,1476,1478,1480,1477,1479
130 1487,1486,1485,1483,1482,1484
134 1499,1491,1497,1489,1490,1498,1495,1496,1488,1493,1492,1494
138 1503,1500,1502,1501,1505,1504
142 1529,1506,1521,1511,1518,1525,1508,1526,1528,1512,1509,1513,1517,1523,1515,1507,1514,1519,1527,1520,1510,1522,1524,1516
144 1533,1532,1531,1534,1530,1535
60 1544,1573,1575,1574,1571,1562,1536,1537,1547,1565,1569,1552,1548,1560,1553,1538,1561,1545,1566,1539,1563,1559,1543,1554,1557,1551,1570,1541,1549,1555,1572,1564,1567,1540,1556,1576,1568,1546,1550,1542,1558,1577
146 1581,1593,1580,1579,1595,1594,1578,1591,1584,1589,1586,1583,1588,1590,1585,1592,1582,1587
147 1606,1603,1612,1610,1608,1597,1600,1611,1607,1613,1599,1598,1609,1602,1596,1604,1601,1605
148 1616,1614,1617,1615,1619,1618
151 1631,1629,1620,1622,1624,1621,1626,1625,1628,1627,1623,1630
152 1664,1657,1661,1651,1656,1659,1654,1649,1648,1652,1641,1650,1645,1658,1632,1637,1655,1639,1646,1653,1667,1638,1662,1635,1634,1643,1642,1644,1633,1647,1636,1640,1660,1663,1666,1665
153 1686,1688,1679,1675,1681,1689,1673,1674,1669,1691,1682,1684,1670,1671,1692,1676,1690,1687,1668,1672,1694,1693,1678,1696,1677,1680,1685,1697,1683,1695
165 1715,1706,1714,1709,1702,1707,1712,1713,1710,1704,1703,1708,1701,1698,1705,1700,1699,1711
167 1717,1719,1721,1716,1718,1720
168 1730,1723,1726,1731,1725,1728,1722,1732,1727,1729,1733,1724
169 1769,1739,1765,1740,1761,1762,1750,1742,1744,1736,1757,1738,1766,1743,1748,1758,1749,1747,1737,1755,1745,1735,1760,1754,1767,1759,1734,1751,1752,1764,1763,1741,1753,1746,1756,1768
171 1774,1776,1777,1780,1770,1772,1779,1781,1775,1773,1771,1778
172 1784,1787,1782,1785,1786,1783
175 1789,1811,1803,1802,1825,1791,1834,1814,1804,1833,1819,1801,1835,1806,1799,1832,1790,1827,1828,1813,1800,1793,1830,1826,1818,1817,1788,1822,1794,1812,1796,1816,1807,1809,1808,1805,1831,1810,1797,1798,1821,1823,1815,1792,1829,1795,1820,1824
177 1845,1865,1849,1863,1861,1847,1858,1846,1854,1864,1862,1848,1842,1841,1836,1850,1855,1837,1840,1853,1838,1844,1852,1839,1857,1859,1851,1856,1843,1860
178 1871,1878,1876,1866,1873,1867,1870,1875,1882,1881,1880,1869,1872,1883,1877,1874,1879,1868
179 1885,1888,1887,1889,1886,1884
182 1891,1890,1893,1894,1895,1892
183 1907,1901,1899,1900,1905,1904,1906,1898,1903,1902,1896,1897
73 1911,1924,1910,1922,1916,1918,1920,1919,1908,1925,1917,1912,1923,1913,1915,1909,1914,1921
184 1934,1931,1928,1932,1933,1935,1927,1926,1930,1936,1929,1937
186 1940,1942,1956,1955,1953,1938,1958,1952,1960,1944,1961,1941,1946,1949,1948,1947,1959,1954,1939,1957,1943,1945,1951,1950
187 1975,1993,1972,1996,1992,1967,1997,1973,1966,1982,1977,1989,1970,1986,1991,1968,1994,1985,1965,1971,1974,1988,1963,1995,1964,1962,1987,1969,1976,1978,1980,1984,1983,1981,1990,1979
255 2005,2008,2009,2003,1998,2007,2002,2000,2004,2006,2001,1999
188 2031,2023,2027,2032,2014,2024,2030,2015,2010,2028,2012,2011,2013,2018,2033,2026,2022,2025,2017,2019,2020,2016,2021,2029
109 2035,2061,2059,2045,2063,2047,2049,2062,2053,2057,2051,2056,2039,2040,2052,2037,2054,2041,2034,2058,2055,2060,2043,2042,2044,2048,2038,2050,2046,2036
191 2082,2091,2087,2081,2066,2075,2078,2090,2069,2077,2073,2076,2072,2071,2093,2074,2067,2092,2079,2089,2088,2064,2083,2085,2080,2070,2084,2068,2065,2086
193 2095,2101,2097,2104,2105,2096,2102,2094,2100,2098,2103,2099
194 2120,2122,2117,2121,2118,2127,2107,2119,2109,2108,2125,2113,2111,2116,2112,2110,2106,2124,2123,2128,2129,2114,2115,2126
196 2157,2136,2156,2155,2151,2158,2143,2154,2144,2159,2139,2131,2145,2132,2146,2135,2153,2142,2138,2137,2140,2152,2149,2150,2147,2148,2134,2133,2130,2141
198 2238,2236,2213,2231,2198,2212,2161,2221,2176,2209,2234,2211,2172,2214,2215,2241,2224,2175,2205,2200,2178,2199,2217,2162,2167,2216,2196,2191,2194,2188,2166,2243,2195,2202,2190,2181,2208,2171,2218,2219,2183,2168,2164,2187,2163,2228,2223,2232,2206,2240,2169,2173,2201,2197,2204,2237,2230,2186,2239,2210,2225,2222,2177,2203,2233,2180,2160,2235,2193,2192,2165,2185,2182,2170,2184,2220,2227,2226,2242,2207,2189,2174,2179,2229
200 2252,2254,2253,2249,2255,2248,2247,2245,2250,2244,2246,2251
201 2275,2269,2270,2261,2282,2259,2267,2273,2265,2278,2260,2272,2283,2268,2284,2258,2279,2257,2263,2280,2262,2271,2285,2264,2266,2256,2276,2277,2274,2281
202 2290,2314,2315,2313,2311,2288,2298,2295,2306,2289,2299,2287,2296,2292,2305,2303,2301,2291,2312,2293,2310,2297,2300,2309,2308,2286,2307,2302,2294,2304
204 2318,2321,2317,2316,2320,2319
206 2332,2334,2336,2342,2324,2343,2326,2338,2330,2325,2328,2339,2331,2337,2333,2327,2335,2341,2323,2329,2340,2345,2322,2344
208 2351,2358,2353,2350,2349,2365,2363,2367,2352,2357,2348,2364,2359,2368,2346,2347,2356,2360,2355,2361,2362,2366,2369,2354
245 2385,2386,2387,2383,2370,2381,2377,2373,2371,2378,2375,2384,2380,2382,2379,2376,2374,2372
209 2398,2399,2392,2391,2389,2390,2393,2395,2394,2388,2397,2396
210 2420,2422,2402,2404,2413,2406,2400,2411,2403,2410,2423,2418,2407,2401,2414,2415,2409,2416,2405,2408,2412,2421,2417,2419
214 2459,2432,2429,2437,2446,2427,2462,2440,2441,2457,2443,2461,2436,2464,2434,2433,2452,2456,2431,2463,2465,2451,2460,2435,2449,2424,2438,2455,2458,2453,2448,2454,2425,2430,2428,2439,2447,2426,2442,2444,2450,2445
215 2471,2470,2467,2468,2466,2469
217 2476,2475,2472,2477,2473,2474
219 2489,2479,2487,2484,2492,2483,2480,2485,2482,2491,2490,2478,2481,2494,2486,2488,2495,2493
221 2505,2503,2511,2498,2499,2507,2506,2512,2500,2510,2496,2504,2508,2502,2501,2509,2497,2513
222 2535,2569,2550,2516,2517,2544,2572,2551,2522,2568,2566,2563,2547,2514,2570,2532,2561,2557,2554,2553,2519,2525,2531,2540,2543,2529,2536,2549,2541,2533,2558,2562,2552,2559,2567,2556,2539,2528,2520,2555,2518,2538,2573,2527,2526,2546,2515,2560,2524,2530,2537,2523,2565,2521,2542,2534,2571,2564,2545,2548
223 2579,2589,2591,2590,2586,2577,2580,2588,2578,2582,2583,2585,2576,2581,2575,2574,2584,2587
227 2609,2603,2599,2596,2600,2608,2602,2597,2607,2598,2606,2594,2595,2593,2601,2592,2604,2605
229 2615,2612,2613,2614,2611,2610
232 2623,2625,2622,2628,2629,2617,2632,2621,2627,2633,2619,2618,2620,2630,2624,2631,2626,2616
235 2637,2635,2634,2636,2639,2638
236 2642,2643,2645,2644,2640,2641
110 2651,2649,2647,2646,2650,2648
239 2654,2696,2698,2697,2694,2668,2699,2657,2695,2661,2677,2690,2675,2687,2692,2672,2676,2656,2659,2673,2682,2663,2652,2686,2667,2666,2670,2688,2674,2669,2693,2665,2684,2683,2664,2680,2681,2679,2658,2685,2671,2689,2655,2653,2662,2678,2691,2660
55 2718,2707,2733,2739,2740,2725,2737,2727,2745,2719,2746,2747,2701,2721,2730,2714,2744,2715,2729,2743,2720,2710,2711,2728,2736,2735,2734,2724,2742,2709,2723,2708,2732,2704,2705,2703,2741,2712,2722,2717,2706,2716,2726,2700,2702,2713,2731,2738
246 2749,2753,2752,2750,2751,2748
248 2765,2769,2771,2767,2770,2757,2762,2760,2761,2764,2766,2756,2758,2768,2759,2755,2754,2763
253 2776,2782,2781,2775,2779,2778,2773,2780,2774,2772,2777,2783
254 2786,2784,2787,2785,2789,2788
256 2792,2801,2794,2793,2798,2800,2790,2796,2799,2791,2795,2797
258 2842,2825,2827,2845,2843,2847,2849,2809,2844,2812,2806,2805,2802,2836,2804,2833,2808,2819,2830,2817,2810,2815,2846,2821,2803,2828,2848,2831,2838,2820,2834,2811,2823,2840,2818,2814,2841,2829,2824,2807,2813,2822,2816,2832,2835,2826,2837,2839
259 2855,2850,2861,2859,2854,2860,2853,2858,2851,2857,2852,2856
260 2867,2876,2879,2862,2863,2868,2874,2878,2877,2871,2865,2869,2875,2873,2866,2870,2864,2872
262 2880,2885,2889,2883,2887,2888,2881,2882,2890,2886,2884,2891
263 2903,2910,2914,2906,2907,2911,2898,2905,2909,2899,2904,2912,2902,2901,2915,2894,2896,2893,2897,2913,2900,2892,2908,2895
123 2933,2916,2920,2925,2931,2932,2928,2930,2917,2919,2922,2927,2929,2918,2921,2923,2924,2926
224 2945,2939,2944,2943,2940,2938,2937,2935,2936,2934,2942,2941
103 2948,2964,2967,2966,2952,2962,2968,2949,2958,2969,2946,2950,2959,2951,2965,2953,2961,2956,2954,2955,2947,2957,2963,2960
5 2980,2981,2979,2972,2978,2975,2974,2970,2973,2977,2971,2976
62 3003,3005,2997,2993,3004,2991,3002,2992,2994,2988,2996,2995,3001,2999,2998,2989,2990,2982,2983,2986,2985,2984,2987,3000
145 3039,3014,3024,3025,3036,3027,3017,3007,3035,3029,3034,3038,3012,3028,3041,3032,3011,3016,3019,3022,3023,3020,3030,3015,3018,3013,3040,3031,3008,3037,3009,3026,3006,3033,3010,3021
72 3043,3042,3047,3046,3044,3045
163 3104,3084,3067,3098,3069,3074,3096,3105,3070,3088,3081,3092,3057,3071,3093,3100,3060,3075,3097,3079,3102,3055,3083,3089,3059,3058,3107,3073,3068,3076,3053,3061,3086,3063,3087,3106,3048,3065,3094,3103,3064,3049,3080,3050,3085,3052,3072,3051,3090,3082,3077,3095,3054,3062,3099,3056,3078,3066,3101,3091
150 3112,3110,3109,3111,3108,3113
38 3116,3119,3115,3118,3117,3114
8 3133,3131,3125,3128,3136,3122,3135,3126,3134,3120,3137,3127,3130,3129,3132,3124,3123,3121
27 3139,3140,3142,3141,3143,3138
79 3149,3145,3146,3147,3148,3144
61 3182,3162,3181,3178,3152,3176,3158,3164,3174,3180,3184,3173,3170,3166,3168,3151,3155,3165,3160,3156,3169,3183,3161,3153,3154,3185,3163,3171,3167,3179,3177,3172,3159,3157,3150,3175
176 3193,3194,3202,3188,3198,3199,3190,3200,3189,3186,3187,3191,3192,3195,3201,3196,3197,3203
154 3218,3212,3220,3221,3206,3215,3207,3219,3216,3208,3204,3210,3214,3213,3205,3211,3209,3217
33 3226,3223,3227,3225,3222,3224
7 3245,3243,3244,3231,3241,3240,3237,3236,3233,3230,3238,3242,3232,3234,3228,3235,3229,3239
189 3251,3246,3250,3247,3249,3248
89 3287,3257,3265,3262,3292,3275,3288,3268,3266,3291,3290,3277,3281,3276,3289,3284,3252,3261,3254,3286,3260,3253,3263,3271,3293,3259,3267,3270,3278,3272,3274,3264,3273,3256,3258,3269,3283,3255,3285,3279,3282,3280
100 3296,3298,3303,3305,3302,3295,3297,3294,3299,3300,3301,3304
17 3306,3310,3308,3309,3311,3307
35 3317,3316,3312,3314,3313,3315
63 3320,3318,3319,3321,3323,3322
2 3334,3326,3324,3330,3332,3331,3344,3347,3345,3328,3325,3340,3338,3341,3343,3339,3346,3329,3327,3337,3335,3336,3333,3342
58 3359,3356,3350,3354,3352,3351,3357,3355,3353,3358,3349,3348
173 3375,3366,3373,3360,3374,3368,3372,3365,3369,3371,3363,3367,3377,3362,3370,3364,3376,3361
158 3383,3379,3378,3382,3380,3381
113 3429,3434,3405,3403,3389,3431,3423,3428,3415,3421,3395,3413,3430,3400,3418,3425,3420,3392,3390,3437,3385,3408,3436,3417,3435,3432,3407,3397,3426,3387,3419,3394,3412,3414,3410,3409,3386,3411,3404,3391,3402,3384,3416,3422,3427,3433,3398,3424,3399,3401,3388,3393,3396,3406
114 3440,3438,3439,3441,3442,3443
9 3448,3464,3456,3445,3458,3455,3459,3452,3460,3446,3466,3465,3467,3451,3444,3461,3453,3449,3463,3457,3450,3447,3462,3454
251 3468,3469,3470,3471,3472,3473
43 3476,3475,3474,3477,3478,3479
10 3497,3488,3487,3495,3485,3496,3494,3491,3481,3489,3490,3483,3480,3482,3492,3484,3493,3486
241 3498,3502,3501,3500,3499,3503
226 3519,3507,3527,3508,3525,3526,3522,3521,3512,3518,3513,3514,3517,3511,3510,3505,3523,3524,3509,3520,3515,3504,3506,3516
155 3536,3555,3541,3557,3553,3554,3556,3547,3537,3546,3532,3535,3548,3542,3530,3551,3550,3534,3544,3540,3529,3528,3549,3543,3545,3533,3539,3538,3552,3531
164 3561,3562,3563,3559,3560,3558
81 3564,3585,3586,3584,3575,3570,3569,3565,3583,3577,3573,3567,3566,3587,3571,3568,3579,3581,3576,3572,3580,3574,3578,3582
44 3593,3592,3589,3591,3588,3590
20 3601,3603,3597,3598,3600,3594,3602,3604,3605,3596,3595,3599
45 3613,3612,3608,3620,3614,3621,3610,3611,3606,3619,3616,3615,3609,3607,3617,3622,3618,3623
77 3625,3667,3665,3669,3651,3640,3626,3648,3638,3670,3636,3652,3633,3662,3642,3668,3647,3645,3634,3656,3661,3663,3649,3666,3654,3624,3628,3671,3630,3664,3646,3643,3650,3658,3632,3657,3655,3660,3641,3629,3627,3639,3631,3635,3644,3653,3659,3637
11 3683,3676,3681,3673,3682,3672,3675,3678,3680,3677,3674,3679
203 3719,3716,3703,3714,3717,3712,3688,3715,3707,3706,3701,3690,3700,3709,3698,3696,3710,3689,3692,3711,3694,3699,3704,3687,3705,3684,3686,3708,3718,3685,3695,3713,3697,3691,3693,3702
230 3730,3725,3727,3723,3729,3724,3720,3728,3722,3726,3721,3731
181 3742,3753,3749,3747,3737,3743,3744,3746,3738,3740,3752,3732,3745,3733,3754,3734,3739,3750,3736,3755,3735,3741,3748,3751
57 3760,3761,3757,3756,3759,3758
213 3766,3778,3777,3773,3771,3765,3779,3776,3769,3774,3775,3764,3762,3768,3763,3772,3770,3767
3 3780,3787,3784,3790,3791,3782,3789,3783,3785,3786,3788,3781
228 3800,3799,3817,3808,3806,3794,3801,3798,3809,3802,3793,3812,3820,3803,3819,3792,3811,3797,3821,3805,3813,3816,3815,3807,3814,3804,3810,3796,3795,3818
139 3835,3834,3837,3838,3841,3840,3822,3823,3836,3831,3828,3824,3830,3833,3845,3839,3825,3827,3844,3829,3843,3842,3832,3826
46 3855,3866,3879,3854,3876,3877,3852,3881,3847,3870,3860,3868,3848,3869,3875,3850,3862,3861,3871,3865,3872,3867,3880,3849,3873,3878,3874,3864,3858,3863,3859,3856,3853,3851,3846,3857
64 3905,3904,3915,3938,3902,3893,3935,3940,3941,3887,3939,3927,3926,3924,3932,3882,3894,3936,3937,3916,3890,3917,3883,3933,3895,3909,3911,3914,3930,3906,3931,3919,3934,3896,3920,3900,3886,3889,3884,3928,3891,3908,3922,3925,3903,3921,3885,3888,3907,3929,3898,3897,3918,3892,3912,3910,3899,3923,3901,3913
26 3942,3945,3946,3944,3943,3947
243 3948,3950,3949,3952,3951,3953
91 3957,3958,3955,3954,3956,3959
0 3962,3960,3963,3965,3961,3964
162 3974,3966,3989,3981,3985,3971,3980,3967,3973,3988,3987,3983,3986,3979,3969,3968,3975,3984,3970,3977,3976,3982,3978,3972
132 4001,3993,3994,3995,4000,3998,3991,3990,3992,3996,3997,3999
36 4027,4010,4017,4020,4011,4002,4013,4021,4022,4006,4029,4030,4031,4004,4023,4018,4003,4019,4009,4025,4007,4028,4012,4014,4024,4005,4008,4026,4015,4016
156 4033,4036,4035,4034,4032,4037
107 4059,4040,4069,4064,4046,4045,4071,4073,4057,4048,4063,4055,4053,4068,4056,4067,4042,4076,4078,4039,4065,4060,4051,4074,4041,4061,4066,4062,4044,4050,4049,4038,4075,4054,4047,4079,4043,4070,4058,4052,4072,4077
249 4086,4084,4081,4088,4087,4091,4082,4085,4083,4089,4080,4090
85 4098,4109,4095,4104,4094,4092,4105,4101,4107,4108,4093,4100,4102,4106,4097,4096,4103,4099
225 4112,4111,4126,4123,4115,4114,4125,4124,4116,4122,4113,4121,4119,4110,4117,4120,4118,4127
231 4133,4131,4130,4132,4128,4129
240 4138,4135,4137,4145,4136,4144,4142,4143,4134,4140,4139,4141
135 4168,4176,4181,4180,4175,4178,4151,4177,4179,4161,4170,4146,4160,4158,4174,4157,4173,4167,4152,4150,4169,4172,4155,4166,4149,4171,4154,4164,4156,4148,4147,4165,4163,4153,4162,4159
207 4182,4185,4186,4187,4183,4184
197 4189,4202,4204,4188,4199,4195,4206,4209,4196,4207,4192,4190,4194,4198,4197,4201,4191,4203,4211,4200,4210,4193,4205,4208
15 4214,4217,4215,4212,4216,4213
252 4235,4225,4221,4232,4224,4227,4218,4233,4231,4222,4226,4223,4230,4219,4229,4228,4220,4234
185 4238,4239,4247,4244,4237,4243,4245,4240,4242,4241,4246,4236
6 4270,4263,4271,4260,4253,4258,4256,4267,4264,4250,4269,4254,4261,4252,4251,4259,4268,4262,4249,4255,4248,4265,4266,4257
161 4275,4305,4314,4299,4300,4319,4285,4316,4297,4317,4281,4279,4312,4310,4313,4296,4311,4315,4298,4304,4283,4291,4301,4294,4289,4282,4288,4277,4273,4306,4302,4318,4272,4309,4284,4295,4290,4303,4293,4280,4286,4308,4276,4307,4287,4274,4292,4278
218 4330,4323,4324,4327,4322,4331,4329,4326,4328,4320,4321,4325
136 4340,4333,4339,4343,4341,4335,4337,4334,4336,4342,4338,4332
94 4355,4345,4353,4354,4347,4349,4352,4346,4351,4350,4348,4344
37 4399,4379,4388,4357,4377,4368,4396,4369,4400,4403,4401,4402,4386,4360,4389,4387,4356,4397,4378,4365,4376,4373,4362,4398,4391,4395,4366,4390,4375,4393,4364,4370,4358,4361,4374,4367,4382,4392,4384,4381,4363,4371,4394,4372,4385,4380,4359,4383
149 4466,4462,4418,4469,4440,4468,4461,4463,4441,4456,4411,4450,4455,4408,4467,4452,4446,4444,4428,4405,4430,4457,4458,4420,4410,4422,4438,4447,4432,4434,4459,4414,4449,4442,4443,4445,4427,4417,4451,4413,4409,4419,4448,4460,4404,4435,4439,4423,4407,4436,4433,4415,4425,4465,4426,4424,4429,4453,4431,4464,4416,4412,4421,4437,4454,4406
13 4473,4472,4470,4475,4471,4474
39 4480,4476,4479,4478,4477,4481
