234 11,10,3,6,9,0,4,5,8,1,2,7
1 38,16,31,24,37,14,36,40,33,35,22,13,28,25,12,30,19,18,29,27,17,23,32,15,26,34,20,41,21,39
4 48,52,53,50,44,46,42,47,51,43,45,49
16 56,55,57,59,54,58,65,60,62,63,61,64
18 99,95,88,93,111,90,106,113,66,73,97,105,98,107,89,100,78,75,67,71,103,110,82,92,74,86,80,96,83,85,87,81,108,112,91,104,94,77,70,101,102,84,72,79,69,68,109,76
19 114,122,124,118,123,116,117,120,115,121,125,119
21 143,157,161,132,142,136,154,155,158,146,151,140,149,148,127,145,147,131,160,139,152,134,135,141,156,137,159,128,129,133,138,150,144,153,126,130
23 162,163,169,170,176,174,179,177,178,166,168,165,164,171,167,173,172,175
24 180,189,186,181,191,187,188,182,185,183,184,190
25 194,203,193,202,192,197,200,199,196,201,198,195
28 213,221,208,216,215,220,207,205,210,218,219,211,204,209,206,214,217,212
30 228,237,230,232,233,223,224,226,235,238,229,231,222,225,227,234,239,236
31 256,242,257,247,248,243,245,241,251,254,253,250,246,252,249,240,255,244
32 264,279,272,261,274,280,276,281,270,275,262,273,266,259,277,258,260,263,271,278,267,268,269,265
216 289,291,308,303,282,306,298,294,287,313,307,309,317,296,320,283,286,314,292,311,285,305,288,304,284,310,290,297,316,318,301,293,295,299,321,319,300,312,315,322,323,302
34 363,349,371,359,370,325,357,353,339,347,328,356,340,326,336,341,361,342,364,333,354,335,332,345,358,355,346,337,344,369,350,367,375,324,374,334,329,330,348,327,373,360,331,366,362,351,352,376,365,343,338,377,368,372
40 394,386,380,379,384,391,382,388,378,392,381,385,390,387,395,389,393,383
41 397,402,412,407,411,398,400,410,405,413,396,399,409,403,408,406,401,404
42 420,423,415,430,428,421,429,425,431,424,414,422,417,419,416,426,427,418
199 432,437,433,435,434,436
160 471,473,468,452,465,469,458,470,457,456,450,448,446,440,453,463,449,454,438,443,441,464,442,439,467,461,451,455,462,466,459,447,444,460,445,472
47 521,474,480,485,517,493,492,518,503,496,484,511,512,519,507,504,510,495,482,488,508,478,477,497,475,520,481,516,491,486,498,479,514,489,501,502,505,490,513,515,506,509,494,476,483,487,499,500
78 550,547,529,522,524,533,541,545,538,539,544,526,527,530,546,540,543,551,542,531,536,537,528,525,549,532,523,535,534,548
48 554,557,562,560,555,561,553,556,558,552,559,563
53 569,567,574,570,568,575,572,573,571,565,566,564
250 590,587,579,586,582,584,588,583,578,576,592,589,580,591,577,581,585,593
49 595,604,594,600,605,602,597,599,598,601,596,603
257 609,611,610,608,607,606
22 619,618,621,622,613,612,616,614,617,620,615,623
67 651,650,654,633,656,645,641,647,636,643,652,653,628,639,631,648,646,627,635,659,637,629,649,625,638,644,630,634,632,624,658,655,626,640,642,657
68 663,691,692,667,669,662,660,685,679,672,680,686,668,687,682,664,661,674,681,683,677,676,673,690,675,678,670,695,688,684,671,694,665,666,689,693
69 702,696,698,703,704,700,706,705,699,697,701,707
71 722,709,724,712,717,713,708,710,719,711,721,718,716,723,720,714,715,725
74 735,733,729,726,731,730,732,727,737,736,734,728
75 756,789,763,765,764,739,784,795,774,788,791,751,742,786,757,782,787,793,770,758,759,749,755,766,796,753,747,769,777,783,775,748,780,772,779,740,760,792,785,768,797,738,746,773,778,754,750,741,743,781,776,745,767,762,771,761,752,744,790,794
76 800,802,801,798,799,803
159 804,815,809,811,810,807,805,812,813,814,808,806
80 903,872,900,873,909,835,904,898,911,850,892,838,824,874,883,871,819,822,856,907,821,868,848,881,891,882,867,905,899,817,839,908,869,885,834,893,890,864,870,896,836,828,818,887,829,875,862,878,842,841,855,860,844,906,837,840,894,847,827,910,865,886,858,863,826,902,889,846,880,901,849,832,879,859,861,895,843,877,831,816,884,852,857,866,820,823,833,851,897,888,854,845,825,853,830,876
82 924,914,913,918,925,919,917,912,922,926,920,921,927,929,923,915,916,928
83 960,945,936,951,942,968,958,949,932,940,946,962,950,948,973,953,963,967,976,944,969,937,930,957,943,947,938,934,971,939,931,974,975,977,935,933,964,955,941,965,954,959,956,972,966,952,970,961
84 983,981,982,979,980,978
87 1010,1003,998,989,997,993,986,1002,1005,1000,1007,987,996,995,990,991,1004,994,988,1006,1012,1008,1001,999,1011,1013,984,1009,985,992
88 1016,1018,1014,1015,1017,1019
90 1025,1022,1021,1028,1031,1029,1023,1030,1026,1027,1024,1020
92 1042,1035,1043,1039,1040,1038,1034,1033,1032,1041,1036,1037
96 1048,1047,1053,1045,1052,1055,1051,1050,1044,1046,1054,1049
98 1067,1065,1062,1064,1058,1056,1061,1066,1057,1063,1060,1059
97 1078,1081,1073,1082,1071,1083,1069,1072,1084,1074,1076,1080,1077,1079,1085,1068,1070,1075
102 1086,1087,1091,1089,1088,1090
190 1094,1093,1097,1095,1092,1096
105 1102,1109,1103,1101,1105,1108,1098,1099,1107,1106,1104,1100
50 1115,1110,1111,1113,1114,1112
106 1120,1118,1116,1117,1121,1119
108 1136,1132,1142,1122,1125,1149,1135,1150,1127,1126,1146,1148,1145,1128,1124,1139,1129,1138,1137,1133,1143,1140,1123,1144,1130,1134,1141,1131,1151,1147
112 1159,1156,1153,1161,1152,1154,1162,1155,1163,1158,1160,1157
119 1182,1178,1187,1185,1165,1168,1175,1184,1179,1174,1164,1169,1166,1183,1172,1180,1173,1181,1170,1176,1177,1167,1171,1186
120 1196,1191,1195,1199,1198,1188,1194,1190,1192,1193,1197,1189
121 1207,1223,1200,1208,1219,1221,1228,1224,1214,1211,1216,1218,1203,1226,1202,1229,1201,1210,1206,1212,1213,1217,1225,1215,1209,1205,1227,1222,1220,1204
122 1271,1290,1243,1285,1268,1230,1280,1273,1289,1275,1254,1262,1231,1241,1274,1248,1238,1278,1250,1234,1267,1269,1266,1276,1283,1242,1261,1294,1295,1236,1281,1284,1255,1232,1292,1258,1279,1253,1245,1282,1287,1239,1288,1251,1235,1233,1264,1249,1256,1263,1265,1237,1293,1286,1257,1252,1277,1244,1259,1272,1246,1260,1270,1247,1240,1291
65 1312,1304,1313,1308,1303,1298,1300,1305,1297,1307,1302,1296,1301,1310,1309,1299,1306,1311
124 1314,1319,1317,1316,1318,1315
125 1322,1320,1324,1323,1325,1321
115 1329,1328,1327,1331,1326,1330
126 1332,1336,1334,1335,1333,1337
128 1343,1352,1341,1345,1340,1338,1346,1350,1344,1347,1351,1339,1342,1355,1349,1354,1348,1353
131 1410,1395,1364,1457,1376,1467,1404,1442,1415,1451,1397,1407,1379,1372,1414,1452,1381,1408,1412,1378,1456,1447,1466,1371,1369,1389,1377,1422,1387,1361,1418,1401,1362,1441,1440,1373,1444,1398,1434,1365,1437,1367,1405,1464,1475,1443,1453,1458,1433,1462,1473,1432,1406,1385,1394,1382,1413,1358,1426,1421,1411,1366,1388,1465,1391,1356,1384,1417,1375,1420,1471,1360,1396,1454,1470,1474,1450,1461,1357,1460,1393,1472,1449,1468,1399,1459,1425,1435,1469,1427,1448,1436,1386,1419,1403,1370,1445,1424,1363,1429,1428,1400,1416,1392,1390,1438,1359,1374,1430,1402,1431,1368,1463,1446,1409,1423,1383,1455,1439,1380
129 1478,1479,1476,1477,1481,1480
130 1487,1485,1483,1482,1484,1486
134 1491,1494,1497,1495,1498,1492,1493,1488,1496,1489,1499,1490
138 1500,1503,1502,1505,1501,1504
142 1511,1518,1525,1508,1513,1517,1506,1526,1523,1519,1515,1520,1509,1512,1507,1514,1521,1524,1522,1510,1516,1528,1527,1529
144 1532,1534,1533,1531,1530,1535
60 1574,1536,1543,1552,1547,1560,1566,1561,1549,1569,1541,1557,1563,1559,1538,1551,1570,1539,1542,1537,1567,1573,1568,1556,1546,1572,1564,1555,1553,1548,1577,1544,1571,1545,1540,1558,1576,1575,1550,1554,1565,1562
146 1579,1580,1578,1593,1584,1594,1585,1590,1595,1591,1582,1589,1592,1583,1581,1586,1588,1587
147 1610,1608,1597,1603,1599,1607,1613,1612,1598,1609,1602,1604,1596,1601,1600,1611,1605,1606
148 1616,1618,1614,1615,1619,1617
151 1631,1624,1622,1620,1627,1626,1621,1628,1625,1623,1629,1630
152 1649,1661,1656,1659,1651,1658,1664,1637,1660,1632,1643,1636,1652,1648,1646,1641,1647,1662,1650,1640,1642,1638,1663,1667,1655,1633,1644,1645,1639,1634,1657,1666,1653,1635,1654,1665
153 1679,1673,1681,1671,1674,1676,1670,1689,1687,1678,1669,1668,1682,1686,1690,1683,1691,1684,1675,1692,1696,1685,1694,1677,1697,1672,1680,1693,1688,1695
165 1709,1707,1704,1703,1708,1715,1713,1700,1698,1711,1710,1712,1699,1702,1701,1706,1705,1714
167 1719,1716,1721,1720,1717,1718
168 1722,1730,1725,1723,1732,1733,1729,1727,1724,1728,1726,1731
169 1761,1765,1758,1757,1742,1736,1748,1755,1749,1740,1734,1747,1744,1738,1767,1760,1739,1737,1746,1768,1759,1766,1735,1741,1752,1754,1751,1750,1763,1756,1753,1745,1743,1762,1764,1769
171 1776,1780,1770,1772,1777,1773,1779,1774,1781,1775,1771,1778
172 1787,1784,1786,1782,1785,1783
175 1799,1819,1804,1802,1803,1834,1814,1835,1813,1793,1826,1788,1810,1796,1818,1812,1790,1825,1791,1794,1807,1823,1827,1822,1817,1801,1789,1808,1805,1806,1821,1795,1809,1830,1792,1797,1831,1828,1811,1800,1816,1815,1824,1832,1829,1833,1798,1820
177 1861,1863,1847,1848,1854,1850,1862,1855,1865,1837,1841,1846,1864,1853,1851,1859,1840,1839,1856,1852,1860,1857,1844,1849,1836,1843,1858,1838,1842,1845
178 1882,1881,1873,1878,1867,1883,1872,1880,1871,1877,1870,1869,1868,1874,1866,1875,1879,1876
179 1885,1889,1887,1884,1886,1888
182 1893,1894,1890,1891,1892,1895
183 1900,1904,1903,1901,1907,1898,1905,1902,1897,1896,1899,1906
73 1910,1925,1917,1918,1921,1920,1923,1908,1924,1912,1919,1914,1909,1915,1916,1913,1922,1911
184 1931,1928,1933,1932,1927,1936,1937,1926,1935,1930,1929,1934
186 1942,1955,1960,1946,1953,1961,1947,1941,1959,1957,1945,1950,1951,1944,1956,1949,1943,1948,1954,1952,1939,1938,1958,1940
187 1996,1970,1992,1997,1993,1991,1963,1972,1985,1986,1976,1977,1980,1971,1968,1981,1962,1974,1994,1984,1987,1978,1964,1966,1965,1995,1969,1979,1967,1983,1989,1973,1990,1982,1988,1975
255 2005,2003,2001,2004,2006,1999,2000,2002,2008,2007,1998,2009
188 2032,2027,2023,2030,2029,2024,2010,2033,2015,2012,2022,2019,2018,2020,2011,2026,2031,2017,2025,2014,2016,2013,2021,2028
109 2059,2063,2047,2049,2061,2057,2052,2035,2034,2058,2055,2041,2040,2038,2053,2062,2043,2054,2037,2039,2050,2042,2060,2051,2048,2046,2045,2036,2056,2044
191 2091,2066,2081,2085,2087,2069,2092,2074,2079,2075,2067,2076,2064,2080,2084,2086,2068,2065,2073,2070,2090,2078,2088,2089,2077,2093,2071,2083,2072,2082
193 2097,2105,2104,2102,2103,2095,2094,2098,2099,2096,2100,2101
194 2121,2109,2118,2129,2107,2110,2112,2119,2111,2123,2113,2106,2124,2114,2116,2126,2115,2108,2117,2125,2120,2128,2127,2122
196 2155,2151,2139,2136,2144,2159,2154,2158,2138,2143,2153,2137,2156,2140,2148,2133,2142,2152,2130,2150,2146,2141,2132,2147,2134,2149,2145,2131,2135,2157
198 2161,2231,2188,2221,2234,2191,2162,2212,2241,2194,2205,2175,2181,2215,2195,2240,2209,2180,2199,2186,2176,2217,2219,2177,2168,2164,2208,2160,2192,2167,2243,2182,2200,2165,2174,2183,2173,2230,2218,2185,2223,2204,2242,2210,2222,2190,2169,2232,2227,2166,2179,2220,2203,2224,2206,2170,2213,2226,2172,2233,2228,2216,2193,2207,2239,2187,2197,2214,2225,2235,2202,2178,2229,2189,2163,2237,2184,2236,2196,2198,2201,2211,2238,2171
200 2249,2244,2245,2255,2247,2252,2251,2246,2250,2254,2253,2248
201 2270,2261,2259,2267,2265,2280,2278,2266,2285,2260,2271,2257,2269,2268,2279,2274,2272,2264,2276,2256,2258,2284,2281,2283,2282,2262,2263,2277,2275,2273
202 2311,2313,2295,2287,2299,2296,2291,2306,2303,2310,2293,2294,2289,2309,2290,2315,2301,2308,2302,2312,2297,2300,2298,2286,2292,2307,2288,2305,2304,2314
204 2316,2321,2317,2320,2319,2318
206 2342,2328,2325,2336,2339,2333,2335,2343,2326,2331,2332,2330,2344,2334,2329,2324,2341,2340,2338,2337,2327,2322,2345,2323
208 2358,2354,2353,2352,2363,2364,2357,2346,2359,2356,2355,2361,2369,2365,2362,2360,2367,2366,2348,2347,2349,2368,2350,2351
245 2387,2385,2384,2378,2381,2376,2373,2375,2383,2379,2370,2380,2374,2371,2386,2377,2382,2372
209 2392,2389,2393,2397,2388,2396,2390,2391,2398,2394,2399,2395
210 2422,2420,2403,2412,2400,2407,2414,2402,2404,2411,2408,2401,2405,2409,2416,2419,2417,2413,2410,2406,2421,2418,2415,2423
214 2427,2440,2460,2462,2429,2461,2457,2437,2463,2452,2435,2453,2465,2458,2441,2436,2449,2439,2425,2444,2424,2451,2445,2446,2433,2428,2426,2454,2450,2438,2464,2455,2442,2434,2443,2431,2448,2456,2430,2447,2432,2459
215 2470,2468,2471,2467,2466,2469
217 2474,2475,2473,2476,2477,2472
219 2487,2485,2479,2484,2482,2491,2494,2481,2480,2488,2483,2492,2478,2486,2490,2493,2495,2489
221 2503,2511,2498,2510,2499,2509,2504,2512,2505,2496,2500,2502,2497,2506,2501,2507,2508,2513
222 2544,2566,2547,2570,2572,2549,2532,2536,2543,2553,2522,2557,2517,2567,2540,2529,2528,2560,2551,2526,2562,2516,2554,2546,2559,2527,2523,2568,2569,2573,2552,2515,2539,2561,2545,2571,2525,2520,2565,2524,2563,2541,2533,2534,2531,2521,2556,2555,2514,2530,2518,2564,2519,2558,2537,2548,2542,2538,2550,2535
223 2580,2590,2591,2582,2579,2576,2575,2583,2586,2587,2585,2588,2574,2589,2577,2578,2581,2584
227 2596,2600,2597,2598,2606,2608,2602,2595,2599,2604,2601,2593,2609,2592,2603,2594,2607,2605
229 2614,2612,2613,2615,2610,2611
232 2622,2623,2628,2625,2629,2633,2618,2620,2617,2619,2632,2631,2626,2621,2630,2624,2616,2627
235 2639,2635,2637,2638,2634,2636
236 2642,2643,2645,2641,2644,2640
110 2647,2646,2650,2651,2649,2648
239 2697,2694,2695,2699,2672,2692,2661,2698,2693,2656,2667,2673,2675,2665,2669,2670,2679,2690,2674,2683,2685,2653,2688,2671,2684,2682,2660,2654,2677,2676,2657,2659,2663,2687,2686,2666,2655,2681,2691,2689,2680,2668,2658,2652,2664,2662,2696,2678
55 2739,2714,2707,2727,2740,2730,2719,2720,2746,2742,2736,2724,2725,2712,2734,2722,2702,2710,2718,2716,2700,2723,2708,2706,2713,2735,2704,2731,2703,2741,2715,2732,2705,2745,2701,2717,2726,2737,2709,2729,2743,2738,2721,2744,2747,2733,2711,2728
246 2748,2753,2752,2751,2749,2750
248 2770,2767,2764,2771,2757,2758,2759,2763,2768,2754,2761,2755,2766,2760,2756,2762,2765,2769
253 2779,2780,2782,2776,2774,2773,2778,2772,2777,2781,2775,2783
254 2787,2786,2784,2785,2789,2788
256 2801,2794,2793,2790,2800,2798,2796,2799,2795,2791,2797,2792
258 2847,2849,2806,2845,2805,2831,2836,2809,2819,2848,2808,2828,2834,2838,2829,2821,2844,2833,2825,2846,2841,2843,2813,2824,2803,2822,2840,2832,2830,2816,2826,2835,2817,2818,2812,2823,2810,2814,2811,2837,2815,2839,2807,2820,2827,2842,2802,2804
259 2855,2859,2850,2861,2851,2853,2852,2854,2856,2858,2857,2860
260 2879,2872,2867,2873,2866,2876,2874,2863,2877,2871,2864,2865,2868,2869,2870,2878,2862,2875
262 2888,2886,2883,2887,2880,2882,2881,2891,2884,2889,2885,2890
263 2898,2911,2907,2905,2901,2915,2912,2896,2894,2909,2900,2913,2893,2897,2910,2902,2899,2914,2904,2895,2892,2906,2908,2903
123 2933,2926,2917,2921,2919,2929,2927,2923,2922,2932,2928,2925,2924,2918,2916,2931,2930,2920
224 2939,2938,2943,2940,2937,2945,2934,2936,2941,2942,2935,2944
103 2948,2962,2966,2967,2946,2959,2954,2965,2951,2961,2956,2958,2950,2969,2964,2955,2963,2952,2957,2947,2968,2949,2960,2953
5 2979,2978,2975,2974,2973,2977,2970,2981,2976,2971,2972,2980
62 2993,2997,2996,3002,2994,2998,2992,3001,2989,2995,3003,2986,2982,2983,2985,2999,2984,3004,3000,2991,2990,2987,3005,2988
145 3024,3035,3023,3036,3038,3025,3011,3020,3019,3007,3032,3029,3022,3040,3013,3030,3026,3037,3033,3031,3015,3041,3009,3016,3034,3012,3008,3006,3017,3028,3014,3010,3021,3018,3027,3039
72 3046,3043,3042,3047,3044,3045
163 3069,3097,3096,3093,3048,3070,3071,3098,3053,3079,3081,3083,3067,3063,3073,3086,3106,3075,3057,3100,3065,3074,3050,3107,3072,3061,3103,3101,3077,3099,3054,3056,3104,3088,3062,3055,3082,3085,3089,3049,3087,3078,3066,3095,3092,3051,3052,3102,3076,3058,3080,3064,3059,3060,3091,3090,3094,3068,3084,3105
150 3109,3113,3110,3112,3108,3111
38 3119,3118,3114,3115,3117,3116
8 3128,3125,3134,3131,3129,3122,3127,3120,3124,3123,3136,3132,3126,3121,3135,3137,3130,3133
27 3138,3140,3142,3143,3141,3139
79 3145,3147,3146,3148,3144,3149
61 3174,3152,3178,3155,3184,3168,3171,3181,3153,3160,3156,3182,3165,3167,3166,3154,3158,3161,3151,3172,3150,3170,3169,3177,3173,3179,3183,3163,3176,3162,3185,3180,3159,3157,3175,3164
176 3202,3199,3200,3189,3186,3198,3196,3188,3195,3193,3190,3197,3201,3194,3192,3187,3203,3191
154 3220,3221,3208,3215,3207,3216,3214,3218,3212,3210,3211,3205,3217,3206,3204,3219,3213,3209
33 3224,3225,3222,3226,3223,3227
7 3237,3244,3236,3233,3228,3229,3245,3239,3241,3230,3240,3232,3235,3234,3238,3242,3243,3231
189 3251,3247,3246,3249,3248,3250
89 3275,3290,3281,3284,3266,3291,3260,3262,3257,3263,3261,3254,3276,3293,3268,3267,3271,3288,3259,3252,3253,3285,3272,3273,3277,3256,3265,3279,3286,3283,3274,3269,3289,3264,3292,3255,3278,3280,3287,3270,3282,3258
100 3302,3303,3299,3300,3301,3296,3304,3298,3297,3295,3294,3305
17 3310,3308,3311,3307,3306,3309
35 3313,3317,3314,3316,3315,3312
63 3320,3318,3323,3322,3319,3321
2 3330,3332,3343,3341,3338,3337,3331,3327,3324,3340,3325,3326,3329,3335,3347,3339,3336,3328,3346,3345,3342,3333,3334,3344
58 3356,3352,3353,3354,3358,3357,3348,3359,3355,3349,3350,3351
173 3374,3362,3366,3367,3372,3365,3368,3360,3363,3376,3361,3377,3370,3371,3375,3364,3373,3369
158 3378,3380,3379,3381,3382,3383
113 3431,3405,3430,3434,3421,3432,3435,3437,3426,3395,3392,3418,3400,3386,3436,3394,3397,3387,3413,3425,3390,3424,3427,3396,3402,3403,3423,3407,3391,3433,3408,3399,3422,3388,3414,3401,3398,3415,3384,3409,3406,3410,3404,3411,3393,3419,3420,3417,3416,3428,3412,3429,3389,3385
114 3440,3438,3441,3439,3443,3442
9 3464,3445,3448,3455,3461,3467,3465,3466,3463,3458,3452,3451,3460,3447,3453,3446,3462,3444,3459,3457,3449,3450,3456,3454
251 3468,3472,3471,3470,3473,3469
43 3474,3475,3476,3477,3478,3479
10 3485,3489,3490,3482,3495,3480,3484,3493,3486,3494,3491,3497,3487,3481,3488,3483,3492,3496
241 3498,3500,3499,3503,3502,3501
226 3508,3521,3507,3518,3513,3510,3505,3511,3527,3522,3520,3515,3517,3504,3523,3509,3526,3524,3512,3506,3516,3525,3514,3519
155 3541,3553,3555,3554,3551,3549,3534,3543,3529,3546,3545,3542,3538,3547,3533,3528,3540,3556,3530,3544,3548,3532,3550,3531,3552,3535,3557,3539,3536,3537
164 3563,3559,3560,3562,3558,3561
81 3584,3583,3586,3570,3575,3577,3579,3568,3571,3587,3566,3567,3580,3573,3582,3581,3578,3572,3569,3585,3565,3574,3576,3564
44 3591,3589,3590,3593,3588,3592
20 3598,3603,3602,3604,3600,3594,3595,3596,3597,3605,3601,3599
45 3620,3611,3614,3612,3619,3610,3616,3609,3621,3607,3615,3623,3622,3618,3606,3608,3613,3617
77 3626,3667,3638,3645,3634,3636,3658,3633,3647,3665,3652,3632,3669,3670,3660,3655,3643,3663,3628,3629,3657,3649,3646,3648,3656,3654,3631,3635,3639,3630,3650,3627,3642,3641,3624,3653,3644,3661,3659,3666,3664,3637,3640,3668,3662,3625,3651,3671
11 3683,3673,3672,3682,3681,3679,3678,3674,3677,3680,3675,3676
203 3712,3714,3703,3690,3717,3688,3715,3706,3696,3711,3707,3694,3709,3686,3718,3692,3713,3699,3700,3695,3687,3719,3705,3689,3701,3698,3704,3710,3693,3697,3691,3685,3702,3708,3684,3716
230 3730,3723,3724,3727,3722,3728,3725,3720,3729,3721,3726,3731
181 3742,3749,3737,3732,3744,3745,3743,3738,3741,3752,3735,3746,3755,3750,3739,3734,3754,3733,3736,3740,3753,3747,3748,3751
57 3758,3757,3756,3760,3761,3759
213 3777,3778,3773,3765,3762,3764,3776,3769,3779,3775,3774,3763,3770,3772,3767,3768,3771,3766
3 3780,3790,3789,3791,3782,3787,3788,3785,3786,3783,3784,3781
228 3809,3817,3799,3794,3800,3811,3792,3803,3815,3821,3816,3797,3819,3814,3813,3810,3804,3807,3801,3793,3796,3808,3802,3812,3795,3820,3805,3798,3806,3818
139 3841,3825,3823,3839,3838,3837,3829,3830,3824,3836,3843,3844,3845,3834,3842,3831,3828,3822,3840,3827,3832,3826,3833,3835
46 3876,3862,3879,3854,3877,3875,3847,3881,3872,3869,3850,3867,3849,3851,3874,3878,3860,3856,3846,3880,3871,3857,3859,3858,3870,3853,3863,3864,3852,3866,3861,3848,3873,3865,3855,3868
64 3935,3893,3938,3917,3894,3941,3937,3939,3927,3904,3912,3921,3916,3914,3906,3888,3930,3908,3889,3909,3892,3897,3920,3928,3910,3931,3898,3886,3901,3885,3933,3925,3922,3919,3890,3896,3891,3923,3926,3882,3929,3900,3895,3907,3899,3911,3932,3887,3913,3883,3940,3934,3902,3884,3903,3918,3936,3915,3924,3905
26 3945,3943,3942,3946,3944,3947
243 3948,3949,3950,3951,3953,3952
91 3955,3958,3959,3956,3954,3957
0 3962,3964,3965,3961,3960,3963
162 3989,3974,3967,3983,3986,3987,3979,3969,3988,3975,3966,3977,3982,3976,3984,3970,3978,3980,3973,3971,3985,3968,3981,3972
132 3995,3990,3993,3994,3992,3996,3998,3991,4000,3997,4001,3999
36 4010,4019,4013,4023,4018,4029,4022,4014,4021,4004,4017,4030,4020,4002,4009,4031,4008,4007,4006,4012,4003,4011,4028,4015,4026,4016,4005,4024,4025,4027
156 4035,4033,4034,4032,4037,4036
107 4073,4064,4068,4055,4039,4067,4074,4078,4056,4057,4053,4041,4047,4061,4059,4045,4079,4076,4065,4042,4044,4069,4060,4049,4062,4043,4071,4070,4050,4063,4054,4038,4058,4052,4075,4077,4040,4066,4051,4072,4046,4048
249 4091,4088,4084,4089,4081,4083,4090,4085,4080,4087,4082,4086
85 4109,4100,4093,4107,4095,4092,4104,4108,4106,4098,4096,4102,4099,4101,4097,4103,4105,4094
225 4112,4124,4113,4121,4122,4126,4115,4117,4116,4110,4127,4114,4118,4111,4119,4125,4120,4123
231 4133,4129,4131,4132,4130,4128
240 4143,4145,4142,4140,4144,4135,4134,4139,4137,4136,4141,4138
135 4180,4175,4181,4160,4155,4176,4169,4161,4151,4177,4167,4173,4165,4179,4149,4174,4164,4178,4166,4163,4158,4162,4147,4157,4156,4171,4148,4146,4150,4172,4154,4170,4153,4159,4168,4152
207 4182,4186,4187,4185,4183,4184
197 4195,4202,4207,4190,4203,4188,4191,4198,4201,4199,4200,4192,4189,4211,4194,4204,4197,4193,4209,4205,4210,4196,4208,4206
15 4214,4212,4215,4213,4217,4216
252 4233,4225,4218,4235,4222,4232,4219,4234,4230,4220,4221,4226,4228,4229,4227,4223,4231,4224
185 4237,4244,4243,4241,4242,4240,4236,4245,4246,4238,4247,4239
6 4250,4253,4256,4259,4258,4267,4260,4263,4264,4254,4268,4265,4249,4248,4255,4251,4266,4257,4271,4269,4261,4262,4252,4270
161 4300,4297,4314,4305,4298,4301,4312,4288,4299,4311,4284,4319,4302,4294,4273,4306,4318,4287,4282,4286,4274,4315,4295,4272,4283,4280,4309,4281,4278,4303,4308,4290,4304,4279,4307,4289,4310,4276,4292,4317,4296,4293,4285,4291,4277,4313,4316,4275
218 4327,4324,4322,4328,4329,4326,4331,4320,4325,4323,4321,4330
136 4343,4333,4337,4334,4340,4338,4342,4335,4336,4332,4339,4341
94 4345,4353,4349,4347,4354,4346,4351,4352,4350,4348,4344,4355
37 4368,4376,4396,4401,4387,4357,4366,4395,4390,4391,4379,4386,4398,4397,4373,4369,4402,4374,4362,4384,4375,4358,4356,4364,4363,4381,4400,4394,4367,4372,4378,4403,4377,4370,4382,4361,4385,4383,4371,4359,4389,4360,4365,4393,4380,4392,4399,4388
149 4461,4441,4469,4438,4463,4458,4455,4457,4422,4417,4443,4452,4434,4413,4460,4456,4448,4464,4405,4436,4445,4446,4419,4468,4433,4404,4430,4451,4449,4440,4426,4465,4416,4435,4432,4409,4428,4454,4423,4421,4415,4459,4437,4467,4462,4453,4444,4407,4429,4439,4427,4425,4424,4447,4414,4412,4442,4411,4420,4410,4450,4406,4431,4408,4418,4466
13 4472,4473,4470,4474,4471,4475
39 4480,4476,4479,4477,4478,4481
