234 11,0,3,1,5,10,4,2,9,8,7,6
1 18,19,23,27,30,25,28,14,26,31,34,29,36,20,17,21,32,13,15,16,40,12,33,22,35,24,39,41,38,37
4 48,44,50,51,42,52,47,46,45,43,49,53
16 56,63,64,54,59,65,55,61,60,58,57,62
18 83,95,66,107,91,93,99,108,72,110,113,103,68,69,81,82,106,89,97,111,90,92,76,74,70,98,104,102,100,85,71,75,101,87,78,88,86,80,109,67,79,94,96,73,84,112,77,105
19 124,116,119,117,120,115,123,114,118,121,122,125
21 126,146,143,152,144,159,155,145,150,154,158,147,153,137,134,141,129,151,161,149,127,160,156,128,135,138,157,142,136,139,148,140,133,132,131,130
23 162,174,172,175,169,165,170,176,167,164,163,178,171,168,179,177,166,173
24 187,189,185,184,183,181,186,182,180,188,190,191
25 193,194,203,202,200,201,197,199,198,195,192,196
28 209,212,220,214,213,217,218,207,215,206,216,219,208,205,211,210,204,221
30 233,226,237,236,238,239,225,222,235,232,230,234,224,223,227,231,229,228
31 245,257,244,241,251,252,247,256,248,250,246,240,255,243,242,253,249,254
32 270,278,265,259,262,275,266,263,260,264,269,274,261,277,258,276,271,281,273,272,268,267,279,280
216 290,315,298,317,309,283,320,286,292,322,282,287,289,296,297,301,323,302,285,294,307,308,316,319,291,312,313,311,295,310,304,299,300,306,284,293,321,303,314,305,318,288
34 331,351,362,332,326,339,361,360,329,345,336,330,364,343,347,358,338,355,359,324,363,328,367,375,349,342,373,354,341,374,352,377,340,368,333,366,325,353,371,335,357,334,346,369,350,365,348,356,327,344,372,337,370,376
40 382,384,383,390,395,392,387,381,385,380,379,391,388,378,389,386,393,394
41 400,396,406,401,404,398,405,407,409,410,408,399,402,411,412,397,403,413
42 417,420,421,426,428,416,425,415,431,422,414,423,424,429,427,419,430,418
199 435,436,433,434,437,432
160 450,472,444,469,471,473,470,466,461,456,445,465,447,443,451,467,441,446,448,442,452,457,463,440,439,454,459,468,449,462,460,464,458,438,453,455
47 520,476,495,519,503,499,475,478,488,513,504,507,517,477,482,486,510,500,474,502,509,511,497,508,484,480,518,493,514,506,498,505,490,485,481,483,494,492,515,501,479,521,496,489,487,491,516,512
78 524,541,540,525,551,529,539,549,526,548,547,531,544,536,542,545,537,534,550,532,535,538,530,543,533,522,527,546,523,528
48 554,558,563,553,556,552,562,559,555,557,560,561
53 569,572,575,574,570,571,566,564,567,568,573,565
250 587,577,586,579,584,583,582,576,581,585,590,578,592,589,588,580,591,593
49 596,598,603,594,595,604,600,605,602,599,597,601
257 610,607,609,611,606,608
22 615,620,619,618,613,622,623,617,612,621,614,616
67 639,633,646,659,650,643,658,638,648,634,630,644,635,624,655,647,640,628,637,642,631,632,649,653,645,636,656,652,626,629,627,657,625,654,651,641
68 691,663,682,685,687,689,664,670,675,668,672,667,661,680,660,674,676,686,677,693,683,666,662,690,669,684,665,681,688,692,678,679,671,694,695,673
69 703,705,706,699,707,704,698,701,700,696,697,702
71 714,713,722,708,712,716,725,710,709,715,718,711,721,724,719,723,720,717
74 728,729,731,735,736,727,733,732,734,730,737,726
75 773,774,790,789,758,775,749,793,765,762,780,772,745,748,759,783,782,760,776,753,743,768,754,755,756,788,777,797,747,744,778,761,770,796,742,766,786,764,785,795,757,751,771,763,784,752,787,746,740,769,741,781,792,738,767,739,794,779,750,791
76 803,798,800,799,801,802
159 805,808,815,814,811,809,813,812,806,810,807,804
80 881,903,829,869,875,883,835,838,891,831,887,830,882,842,893,907,833,897,905,873,845,902,854,899,834,817,818,847,900,906,826,890,859,828,872,827,853,884,898,894,856,864,909,823,861,825,822,911,870,855,874,886,863,889,840,850,868,848,852,843,821,895,908,858,819,904,876,862,851,836,832,879,849,824,871,867,844,878,846,860,901,892,888,896,820,880,857,839,910,885,841,865,816,837,866,877
82 919,923,927,924,920,916,921,914,912,926,913,915,922,925,917,918,929,928
83 969,962,932,944,940,960,968,954,961,946,951,972,938,945,971,970,937,935,977,949,974,931,943,930,967,963,965,956,957,933,973,975,950,964,976,936,942,953,948,952,947,966,959,934,939,958,941,955
84 982,978,981,980,983,979
87 1000,994,1005,996,987,989,990,998,986,984,1009,1011,1008,1012,1002,1004,999,1006,991,1010,995,988,997,1007,1003,985,1013,1001,992,993
88 1019,1015,1016,1018,1017,1014
90 1020,1023,1028,1021,1030,1027,1024,1029,1031,1026,1022,1025
92 1034,1036,1041,1039,1035,1032,1042,1040,1033,1038,1043,1037
96 1048,1044,1053,1045,1055,1050,1049,1046,1054,1047,1051,1052
98 1060,1067,1066,1057,1061,1058,1059,1062,1056,1065,1063,1064
97 1071,1079,1073,1084,1083,1077,1074,1078,1069,1072,1080,1082,1085,1076,1075,1081,1070,1068
102 1089,1091,1086,1088,1087,1090
190 1094,1096,1092,1097,1093,1095
105 1101,1100,1102,1106,1098,1105,1103,1099,1108,1104,1107,1109
50 1110,1113,1112,1114,1115,1111
106 1118,1117,1119,1120,1116,1121
108 1127,1129,1146,1140,1151,1133,1147,1148,1125,1145,1124,1132,1143,1139,1142,1130,1128,1138,1144,1131,1149,1126,1122,1150,1141,1134,1123,1136,1135,1137
112 1156,1163,1162,1158,1159,1152,1161,1157,1155,1153,1154,1160
119 1167,1179,1171,1168,1164,1172,1183,1176,1177,1178,1173,1180,1175,1184,1165,1170,1182,1166,1187,1174,1185,1169,1181,1186
120 1198,1199,1196,1189,1193,1194,1192,1188,1195,1191,1197,1190
121 1220,1216,1207,1223,1224,1206,1219,1201,1200,1213,1218,1225,1227,1217,1212,1203,1209,1228,1222,1221,1214,1210,1226,1215,1202,1229,1205,1208,1211,1204
122 1268,1263,1243,1261,1265,1275,1269,1259,1236,1244,1231,1271,1283,1246,1293,1242,1274,1238,1245,1288,1286,1277,1264,1282,1248,1239,1255,1272,1260,1284,1253,1237,1279,1232,1294,1273,1249,1256,1292,1276,1266,1270,1240,1290,1241,1285,1289,1234,1257,1251,1252,1281,1235,1287,1278,1280,1267,1250,1295,1254,1291,1247,1230,1258,1233,1262
65 1301,1306,1303,1307,1304,1309,1300,1297,1308,1299,1298,1302,1310,1313,1305,1296,1311,1312
124 1316,1317,1315,1319,1314,1318
125 1320,1321,1322,1325,1324,1323
115 1326,1331,1330,1328,1329,1327
126 1334,1332,1335,1333,1337,1336
128 1341,1351,1343,1353,1342,1348,1347,1344,1340,1338,1346,1345,1339,1355,1349,1352,1354,1350
131 1429,1444,1404,1359,1415,1424,1453,1456,1431,1410,1471,1433,1405,1397,1395,1369,1392,1420,1426,1398,1455,1401,1385,1416,1382,1474,1357,1451,1388,1363,1365,1437,1391,1436,1445,1430,1432,1457,1367,1372,1458,1442,1358,1356,1364,1377,1366,1464,1381,1408,1373,1360,1448,1421,1460,1417,1439,1394,1407,1443,1452,1422,1475,1389,1435,1412,1427,1465,1387,1463,1406,1470,1411,1425,1386,1462,1370,1413,1390,1393,1472,1362,1383,1399,1384,1468,1461,1418,1459,1368,1469,1428,1361,1403,1434,1423,1419,1379,1374,1438,1473,1375,1378,1440,1450,1409,1400,1371,1447,1441,1454,1396,1414,1380,1446,1467,1402,1376,1449,1466
129 1477,1480,1481,1479,1478,1476
130 1483,1487,1486,1484,1485,1482
134 1496,1499,1490,1494,1498,1488,1491,1489,1493,1497,1495,1492
138 1504,1500,1502,1505,1501,1503
142 1509,1512,1513,1525,1514,1515,1519,1528,1511,1518,1527,1520,1524,1526,1521,1510,1508,1507,1516,1522,1517,1523,1529,1506
144 1531,1533,1534,1532,1530,1535
60 1549,1555,1538,1566,1551,1554,1548,1561,1553,1536,1537,1556,1546,1572,1559,1576,1558,1560,1575,1547,1557,1562,1577,1540,1567,1573,1568,1541,1563,1564,1552,1570,1542,1571,1539,1550,1565,1543,1569,1544,1545,1574
146 1595,1594,1591,1588,1582,1587,1580,1589,1584,1579,1578,1590,1583,1586,1593,1585,1592,1581
147 1607,1613,1600,1610,1599,1603,1609,1604,1598,1602,1608,1605,1611,1601,1596,1597,1612,1606
148 1616,1614,1617,1618,1619,1615
151 1625,1629,1627,1622,1621,1630,1631,1626,1624,1620,1628,1623
152 1652,1641,1648,1653,1638,1636,1666,1655,1633,1642,1640,1632,1657,1659,1635,1663,1647,1643,1646,1645,1650,1654,1660,1639,1661,1667,1665,1634,1637,1658,1649,1656,1651,1662,1664,1644
153 1692,1689,1669,1671,1685,1681,1679,1678,1676,1673,1672,1668,1696,1687,1694,1682,1675,1693,1674,1680,1697,1677,1691,1688,1683,1695,1690,1684,1686,1670
165 1709,1701,1713,1712,1715,1710,1698,1703,1711,1700,1706,1705,1704,1708,1707,1702,1714,1699
167 1720,1718,1719,1721,1717,1716
168 1728,1726,1723,1733,1732,1731,1729,1725,1730,1727,1722,1724
169 1758,1743,1745,1757,1744,1762,1747,1734,1737,1760,1742,1741,1738,1751,1759,1756,1735,1766,1753,1746,1749,1764,1736,1765,1767,1754,1763,1748,1752,1768,1740,1755,1769,1750,1739,1761
171 1774,1771,1776,1777,1775,1779,1780,1778,1772,1781,1773,1770
172 1786,1787,1782,1784,1783,1785
175 1796,1800,1790,1803,1833,1815,1819,1811,1825,1791,1802,1795,1788,1832,1794,1808,1827,1799,1812,1822,1801,1835,1809,1793,1805,1829,1807,1831,1813,1804,1798,1789,1816,1821,1814,1823,1834,1797,1817,1820,1810,1824,1792,1828,1818,1806,1830,1826
177 1863,1845,1861,1855,1846,1847,1837,1842,1849,1840,1860,1856,1864,1844,1839,1865,1838,1852,1851,1854,1843,1841,1850,1836,1862,1853,1848,1859,1857,1858
178 1882,1881,1873,1868,1877,1875,1880,1878,1874,1866,1870,1867,1883,1876,1869,1871,1879,1872
179 1886,1888,1884,1887,1885,1889
182 1894,1890,1895,1892,1893,1891
183 1900,1901,1903,1904,1905,1897,1907,1899,1902,1896,1898,1906
73 1917,1913,1918,1914,1912,1923,1925,1909,1921,1916,1911,1922,1919,1915,1910,1920,1908,1924
184 1935,1930,1931,1932,1926,1929,1937,1933,1936,1927,1928,1934
186 1942,1947,1953,1961,1951,1946,1956,1938,1959,1948,1949,1955,1954,1941,1944,1939,1960,1958,1950,1945,1952,1943,1957,1940
187 1993,1962,1996,1988,1974,1968,1997,1973,1966,1976,1977,1975,1992,1980,1978,1990,1994,1967,1979,1969,1963,1984,1971,1982,1991,1970,1986,1987,1981,1983,1989,1965,1972,1995,1985,1964
255 2008,2001,2002,1999,2000,2009,2004,2007,1998,2005,2003,2006
188 2012,2033,2029,2023,2017,2032,2031,2022,2020,2019,2026,2028,2014,2024,2021,2025,2018,2030,2027,2016,2015,2013,2010,2011
109 2048,2042,2047,2062,2051,2039,2050,2059,2034,2063,2058,2037,2043,2053,2046,2061,2057,2035,2044,2060,2038,2052,2040,2041,2036,2049,2056,2045,2055,2054
191 2093,2076,2083,2067,2065,2066,2079,2081,2080,2085,2077,2070,2088,2090,2078,2073,2072,2087,2075,2069,2089,2084,2074,2091,2068,2071,2064,2092,2086,2082
193 2097,2103,2101,2095,2104,2102,2099,2100,2098,2094,2096,2105
194 2113,2123,2112,2117,2121,2108,2129,2127,2106,2120,2119,2114,2116,2109,2110,2124,2128,2111,2126,2125,2118,2107,2122,2115
196 2143,2146,2132,2144,2158,2136,2154,2147,2142,2156,2152,2159,2148,2155,2140,2149,2138,2141,2131,2139,2133,2153,2135,2151,2134,2157,2137,2145,2130,2150
198 2231,2186,2225,2219,2192,2213,2218,2217,2184,2161,2190,2168,2164,2201,2173,2223,2200,2224,2242,2204,2243,2220,2172,2205,2194,2196,2230,2165,2169,2180,2210,2183,2215,2176,2167,2188,2199,2216,2226,2166,2182,2221,2170,2191,2171,2209,2208,2227,2241,2207,2175,2222,2179,2203,2160,2197,2233,2235,2239,2163,2212,2181,2162,2232,2206,2202,2240,2189,2185,2236,2174,2234,2177,2237,2228,2193,2198,2238,2187,2214,2211,2229,2195,2178
200 2245,2251,2253,2255,2252,2248,2244,2249,2250,2246,2247,2254
201 2261,2259,2270,2266,2269,2267,2263,2284,2268,2265,2274,2257,2272,2283,2271,2285,2282,2277,2276,2258,2262,2279,2260,2264,2275,2281,2280,2278,2273,2256
202 2291,2311,2293,2301,2288,2314,2300,2309,2304,2312,2290,2313,2287,2294,2297,2315,2299,2286,2295,2303,2310,2292,2302,2298,2296,2305,2308,2306,2289,2307
204 2318,2321,2319,2320,2316,2317
206 2337,2335,2339,2338,2332,2330,2329,2326,2345,2327,2323,2328,2343,2342,2334,2322,2340,2333,2331,2325,2336,2341,2344,2324
208 2355,2352,2347,2354,2346,2357,2358,2361,2369,2351,2360,2353,2365,2348,2366,2362,2359,2367,2349,2350,2356,2368,2364,2363
245 2386,2373,2383,2387,2371,2381,2372,2382,2370,2380,2376,2385,2374,2375,2379,2378,2384,2377
209 2394,2395,2393,2398,2399,2391,2396,2397,2390,2388,2392,2389
210 2422,2421,2409,2405,2404,2420,2423,2402,2419,2400,2414,2417,2410,2412,2413,2401,2403,2408,2415,2416,2407,2418,2406,2411
214 2456,2438,2430,2427,2461,2443,2451,2429,2424,2446,2454,2458,2436,2426,2460,2447,2433,2464,2457,2442,2450,2445,2455,2465,2452,2428,2431,2448,2440,2437,2453,2449,2439,2462,2425,2432,2435,2444,2434,2463,2441,2459
215 2467,2470,2469,2466,2471,2468
217 2475,2477,2474,2473,2476,2472
219 2487,2484,2482,2490,2479,2488,2491,2494,2492,2483,2485,2493,2478,2481,2495,2486,2489,2480
221 2506,2512,2508,2505,2513,2509,2510,2503,2504,2502,2498,2499,2497,2501,2496,2511,2500,2507
222 2551,2528,2549,2519,2515,2566,2561,2526,2555,2572,2530,2529,2547,2541,2569,2559,2517,2536,2544,2521,2514,2539,2546,2558,2573,2545,2563,2571,2554,2523,2516,2535,2564,2532,2562,2538,2527,2531,2543,2534,2540,2553,2518,2552,2548,2524,2542,2556,2570,2537,2567,2525,2522,2550,2520,2565,2568,2557,2533,2560
223 2583,2587,2591,2578,2581,2590,2576,2588,2589,2584,2579,2574,2575,2586,2582,2580,2585,2577
227 2606,2595,2601,2598,2596,2597,2592,2605,2599,2608,2602,2603,2593,2600,2607,2609,2594,2604
229 2615,2613,2610,2611,2612,2614
232 2625,2618,2629,2633,2622,2619,2617,2632,2628,2627,2623,2626,2621,2630,2624,2620,2631,2616
235 2636,2634,2635,2637,2638,2639
236 2643,2642,2645,2644,2640,2641
110 2647,2649,2646,2650,2651,2648
239 2695,2658,2659,2685,2699,2693,2664,2669,2653,2661,2674,2694,2677,2698,2686,2688,2679,2667,2660,2684,2697,2671,2691,2687,2676,2682,2696,2666,2657,2678,2680,2654,2663,2656,2683,2681,2690,2692,2672,2689,2668,2662,2675,2655,2670,2665,2652,2673
55 2712,2717,2702,2734,2703,2715,2743,2710,2719,2709,2745,2747,2707,2727,2723,2714,2716,2718,2713,2728,2720,2739,2732,2726,2711,2708,2746,2705,2731,2733,2735,2744,2721,2704,2706,2700,2722,2740,2738,2729,2724,2737,2730,2742,2741,2725,2701,2736
246 2753,2752,2748,2749,2751,2750
248 2756,2771,2755,2767,2760,2762,2758,2754,2768,2765,2769,2763,2759,2761,2766,2770,2757,2764
253 2783,2774,2781,2775,2778,2782,2776,2780,2773,2777,2772,2779
254 2788,2787,2786,2785,2784,2789
256 2801,2792,2796,2795,2798,2790,2791,2800,2793,2794,2799,2797
258 2834,2822,2807,2809,2808,2803,2846,2831,2848,2843,2849,2820,2845,2830,2840,2816,2844,2841,2805,2832,2810,2802,2835,2804,2812,2826,2827,2837,2823,2839,2836,2814,2817,2829,2819,2833,2815,2806,2813,2818,2821,2824,2811,2842,2838,2828,2825,2847
259 2860,2854,2851,2855,2857,2853,2852,2859,2856,2858,2850,2861
260 2875,2874,2879,2868,2864,2862,2877,2878,2872,2870,2865,2876,2867,2863,2869,2866,2871,2873
262 2883,2884,2886,2887,2891,2880,2881,2885,2882,2889,2888,2890
263 2899,2907,2915,2902,2905,2893,2900,2897,2898,2896,2894,2914,2895,2912,2909,2903,2892,2911,2908,2913,2904,2901,2910,2906
123 2926,2930,2928,2916,2925,2922,2920,2931,2929,2924,2923,2927,2921,2919,2933,2918,2932,2917
224 2940,2934,2945,2944,2937,2939,2941,2935,2943,2942,2936,2938
103 2969,2949,2956,2962,2951,2968,2958,2960,2961,2954,2967,2947,2952,2959,2966,2950,2964,2955,2946,2965,2953,2948,2957,2963
5 2977,2975,2978,2979,2976,2970,2971,2973,2974,2980,2981,2972
62 2995,2982,2998,2993,2988,3001,2996,2992,2985,2986,3003,2997,2994,3005,2999,2991,2990,2983,3004,2987,2989,3002,3000,2984
145 3020,3022,3032,3027,3035,3025,3038,3024,3008,3023,3007,3029,3040,3031,3006,3034,3012,3026,3019,3028,3009,3030,3010,3018,3021,3015,3041,3013,3011,3037,3033,3014,3036,3039,3017,3016
72 3043,3044,3045,3047,3046,3042
163 3076,3093,3057,3069,3105,3055,3107,3061,3102,3088,3067,3058,3085,3103,3100,3101,3082,3048,3087,3090,3072,3097,3077,3071,3052,3078,3084,3066,3086,3051,3104,3089,3049,3106,3059,3056,3054,3064,3092,3091,3073,3098,3050,3065,3079,3075,3068,3070,3080,3060,3094,3074,3063,3099,3081,3053,3062,3095,3096,3083
150 3112,3113,3109,3110,3108,3111
38 3114,3119,3116,3117,3115,3118
8 3125,3136,3120,3130,3122,3129,3132,3126,3134,3124,3127,3123,3135,3128,3131,3137,3133,3121
27 3138,3142,3139,3140,3143,3141
79 3149,3145,3148,3146,3144,3147
61 3183,3155,3185,3170,3164,3171,3178,3175,3174,3179,3156,3151,3161,3165,3163,3176,3184,3173,3167,3166,3182,3177,3150,3162,3181,3157,3152,3160,3168,3159,3169,3153,3180,3172,3154,3158
176 3187,3194,3202,3203,3195,3198,3193,3188,3196,3201,3189,3200,3186,3197,3192,3199,3190,3191
154 3207,3208,3211,3204,3220,3217,3221,3213,3212,3210,3209,3206,3214,3215,3219,3216,3205,3218
33 3223,3222,3224,3227,3226,3225
7 3228,3231,3241,3234,3245,3229,3239,3230,3232,3242,3240,3236,3233,3237,3244,3243,3235,3238
189 3246,3247,3251,3250,3249,3248
89 3278,3259,3263,3293,3269,3256,3288,3270,3265,3253,3260,3268,3291,3272,3255,3257,3282,3277,3281,3279,3271,3280,3286,3266,3252,3285,3254,3290,3289,3283,3258,3275,3264,3274,3284,3276,3267,3262,3287,3273,3292,3261
100 3298,3294,3302,3296,3295,3301,3304,3297,3299,3305,3303,3300
17 3310,3311,3308,3309,3307,3306
35 3316,3314,3313,3312,3317,3315
63 3320,3321,3323,3318,3319,3322
2 3341,3330,3326,3344,3328,3336,3337,3324,3329,3347,3335,3333,3340,3325,3327,3345,3343,3339,3342,3346,3331,3334,3332,3338
58 3352,3354,3357,3350,3358,3353,3348,3355,3356,3351,3359,3349
173 3371,3368,3372,3365,3362,3370,3360,3373,3363,3364,3377,3361,3369,3374,3375,3366,3367,3376
158 3382,3383,3381,3378,3380,3379
113 3405,3432,3431,3390,3412,3433,3427,3407,3426,3437,3425,3424,3403,3436,3415,3422,3408,3387,3397,3404,3395,3398,3402,3434,3416,3413,3393,3384,3430,3420,3399,3391,3406,3414,3410,3385,3423,3419,3435,3429,3418,3394,3409,3400,3401,3396,3411,3389,3417,3388,3421,3428,3392,3386
114 3442,3443,3441,3439,3438,3440
9 3459,3452,3445,3465,3451,3447,3454,3458,3463,3450,3444,3460,3449,3446,3466,3467,3453,3464,3457,3455,3461,3462,3456,3448
251 3470,3471,3469,3468,3472,3473
43 3474,3479,3477,3476,3478,3475
10 3489,3487,3497,3496,3484,3495,3492,3488,3494,3486,3482,3481,3485,3483,3480,3493,3490,3491
241 3503,3499,3498,3501,3500,3502
226 3505,3519,3508,3521,3517,3514,3516,3504,3506,3527,3520,3522,3524,3523,3526,3513,3509,3511,3518,3512,3510,3525,3507,3515
155 3542,3529,3543,3544,3541,3540,3537,3547,3533,3553,3546,3535,3545,3555,3539,3538,3557,3531,3552,3530,3551,3528,3534,3554,3549,3550,3548,3536,3556,3532
164 3562,3559,3563,3558,3561,3560
81 3584,3567,3585,3583,3570,3587,3579,3565,3581,3577,3568,3569,3573,3586,3578,3572,3566,3575,3576,3571,3582,3574,3580,3564
44 3591,3588,3590,3589,3592,3593
20 3605,3598,3599,3604,3597,3600,3596,3595,3602,3594,3603,3601
45 3623,3615,3616,3621,3620,3618,3610,3617,3607,3609,3614,3619,3611,3606,3612,3613,3622,3608
77 3667,3664,3628,3641,3670,3627,3626,3663,3645,3665,3637,3656,3643,3638,3646,3660,3657,3639,3629,3661,3650,3642,3649,3671,3648,3669,3633,3630,3658,3644,3636,3653,3652,3632,3624,3654,3647,3662,3659,3634,3625,3655,3666,3668,3651,3640,3631,3635
11 3679,3680,3683,3677,3681,3676,3675,3678,3682,3672,3674,3673
203 3699,3703,3685,3707,3708,3712,3688,3684,3696,3716,3705,3715,3700,3687,3719,3691,3686,3701,3717,3714,3697,3690,3706,3718,3695,3693,3694,3709,3698,3710,3713,3704,3702,3692,3689,3711
230 3728,3727,3722,3729,3731,3730,3720,3726,3723,3725,3721,3724
181 3743,3749,3733,3746,3737,3747,3750,3748,3751,3754,3755,3742,3738,3739,3752,3736,3753,3741,3734,3732,3744,3745,3740,3735
57 3761,3760,3758,3759,3756,3757
213 3768,3772,3774,3764,3771,3763,3775,3765,3773,3769,3776,3770,3767,3779,3762,3766,3778,3777
3 3780,3789,3787,3790,3784,3785,3783,3791,3781,3786,3788,3782
228 3817,3821,3811,3806,3818,3794,3820,3819,3809,3797,3801,3815,3804,3816,3805,3810,3813,3798,3796,3812,3803,3807,3814,3808,3795,3792,3802,3793,3800,3799
139 3827,3825,3836,3839,3833,3844,3822,3830,3829,3823,3840,3826,3843,3838,3824,3831,3837,3842,3832,3828,3845,3841,3834,3835
46 3879,3872,3866,3877,3868,3846,3876,3851,3873,3870,3861,3878,3852,3875,3847,3862,3874,3859,3864,3880,3869,3865,3871,3850,3853,3863,3881,3867,3849,3858,3856,3860,3857,3848,3855,3854
64 3938,3909,3924,3894,3935,3931,3941,3892,3926,3904,3933,3921,3929,3939,3901,3917,3925,3891,3897,3899,3918,3908,3893,3885,3900,3888,3882,3937,3884,3890,3927,3940,3915,3903,3910,3883,3936,3895,3923,3887,3912,3913,3889,3920,3934,3914,3898,3919,3922,3916,3886,3928,3930,3905,3932,3906,3907,3902,3911,3896
26 3947,3946,3942,3943,3945,3944
243 3952,3949,3951,3953,3950,3948
91 3959,3955,3956,3957,3958,3954
0 3960,3965,3964,3963,3961,3962
162 3983,3981,3984,3985,3979,3976,3977,3975,3969,3987,3986,3972,3970,3978,3988,3989,3968,3971,3967,3982,3966,3973,3974,3980
132 3990,3991,3998,3993,3994,3999,3997,4001,3995,4000,3992,3996
36 4022,4023,4029,4019,4017,4005,4028,4013,4015,4010,4021,4018,4011,4002,4016,4009,4020,4030,4025,4026,4008,4024,4031,4007,4006,4027,4004,4012,4003,4014
156 4033,4036,4032,4037,4034,4035
107 4061,4066,4079,4042,4054,4041,4046,4070,4067,4069,4073,4047,4045,4062,4077,4071,4058,4043,4038,4055,4048,4064,4076,4044,4050,4049,4078,4040,4063,4060,4065,4053,4039,4075,4056,4052,4074,4057,4068,4059,4051,4072
249 4081,4087,4086,4080,4089,4082,4090,4085,4091,4083,4084,4088
85 4097,4108,4106,4095,4100,4099,4109,4104,4102,4093,4105,4092,4096,4107,4098,4101,4103,4094
225 4115,4120,4126,4116,4114,4123,4117,4113,4111,4127,4119,4125,4124,4118,4112,4110,4121,4122
231 4133,4129,4132,4128,4131,4130
240 4144,4142,4141,4134,4140,4145,4143,4139,4138,4136,4137,4135
135 4150,4174,4168,4173,4155,4171,4151,4156,4170,4178,4167,4172,4176,4147,4179,4165,4166,4160,4158,4152,4161,4164,4162,4154,4175,4153,4163,4149,4159,4169,4177,4148,4146,4157,4181,4180
207 4187,4182,4186,4185,4183,4184
197 4188,4203,4201,4199,4195,4198,4191,4193,4192,4204,4200,4207,4189,4206,4208,4210,4209,4211,4197,4202,4205,4194,4196,4190
15 4214,4217,4212,4213,4215,4216
252 4221,4223,4222,4225,4224,4231,4226,4232,4233,4218,4234,4229,4220,4228,4219,4230,4227,4235
185 4242,4244,4243,4238,4240,4236,4241,4237,4247,4245,4239,4246
6 4256,4252,4264,4263,4249,4257,4262,4267,4260,4255,4259,4266,4258,4265,4254,4253,4268,4248,4250,4261,4271,4270,4269,4251
161 4283,4294,4300,4303,4287,4308,4288,4301,4314,4281,4274,4296,4292,4313,4319,4297,4312,4284,4306,4278,4305,4302,4318,4280,4315,4307,4298,4299,4272,4290,4285,4293,4317,4282,4309,4273,4276,4286,4291,4289,4311,4277,4304,4295,4275,4279,4316,4310
218 4327,4320,4322,4329,4324,4328,4321,4325,4331,4323,4326,4330
136 4335,4334,4336,4340,4343,4333,4341,4339,4342,4337,4332,4338
94 4347,4346,4345,4351,4349,4353,4344,4348,4350,4352,4355,4354
37 4398,4399,4362,4402,4368,4373,4400,4401,4365,4375,4363,4369,4397,4376,4379,4358,4356,4374,4385,4372,4378,4384,4388,4364,4390,4383,4392,4381,4359,4396,4389,4357,4361,4393,4387,4395,4391,4394,4382,4366,4380,4371,4367,4377,4386,4360,4403,4370
149 4469,4417,4459,4462,4465,4413,4449,4461,4450,4446,4460,4441,4451,4440,4453,4457,4410,4408,4404,4428,4414,4436,4432,4425,4429,4433,4409,4435,4467,4423,4455,4458,4454,4468,4463,4407,4411,4426,4412,4464,4406,4420,4419,4434,4444,4418,4447,4416,4415,4422,4445,4424,4442,4437,4452,4405,4427,4430,4431,4439,4438,4466,4456,4443,4448,4421
13 4473,4470,4475,4471,4472,4474
39 4476,4480,4477,4478,4481,4479
