234 0,10,11,3,7,4,9,8,1,6,2,5
1 39,24,37,12,23,38,36,18,15,29,33,20,14,30,27,17,19,25,22,41,28,26,35,31,16,13,21,34,40,32
4 50,53,43,48,42,45,49,52,47,51,44,46
16 56,62,55,57,65,64,59,60,58,54,63,61
18 107,95,111,98,67,86,110,83,99,101,112,79,109,113,105,68,92,106,84,81,90,87,74,108,76,82,89,103,91,88,102,72,80,77,96,104,93,66,78,71,85,69,73,94,75,97,100,70
19 116,120,119,125,115,122,114,124,118,117,121,123
21 128,126,130,143,154,133,147,146,155,140,153,136,157,134,148,149,158,156,159,132,152,145,135,131,137,151,139,144,141,160,150,129,127,142,161,138
23 162,165,177,168,172,175,176,171,178,173,169,167,179,170,174,164,163,166
24 183,191,180,190,185,187,189,186,181,184,188,182
25 193,195,192,194,198,197,202,201,203,196,199,200
28 216,211,221,209,205,217,207,219,213,210,220,204,212,218,208,215,206,214
30 228,227,224,231,233,239,232,237,229,225,238,235,222,236,234,226,223,230
31 254,241,255,253,256,242,245,246,252,257,251,250,240,247,243,244,248,249
32 278,265,274,279,270,264,269,268,275,261,281,259,280,267,272,271,263,258,260,273,277,262,276,266
216 288,298,318,308,282,309,323,322,291,290,306,287,292,307,284,289,294,310,321,295,286,316,302,314,313,320,305,303,319,317,297,304,315,311,296,300,285,301,283,299,312,293
34 337,326,347,362,332,370,336,377,367,328,352,359,338,329,348,350,349,354,363,325,339,327,351,371,334,374,345,360,364,342,355,372,376,375,357,353,341,346,330,361,324,344,343,366,365,369,373,331,356,368,358,333,340,335
40 390,389,392,388,394,383,393,395,380,382,384,378,379,387,386,385,381,391
41 407,405,406,404,398,400,402,403,411,396,410,409,408,413,397,412,399,401
42 420,418,428,430,415,427,421,425,424,426,431,423,416,417,419,414,422,429
199 432,434,433,437,435,436
160 472,470,471,447,455,469,446,460,473,459,442,452,453,465,458,461,456,440,444,450,443,468,466,451,438,454,457,445,462,463,439,449,467,448,464,441
47 491,490,517,520,487,483,518,479,500,512,516,498,505,484,489,519,481,504,515,482,477,474,508,501,521,488,503,506,475,485,495,478,510,493,480,492,499,511,514,507,513,486,496,509,502,497,476,494
78 548,541,540,525,527,523,538,551,545,529,547,542,533,539,549,531,522,524,526,532,536,537,550,546,528,535,544,543,530,534
48 557,554,563,561,559,555,560,553,552,562,558,556
53 572,565,566,570,575,568,574,569,571,567,564,573
250 577,588,579,580,592,576,593,590,587,583,586,585,578,584,589,582,591,581
49 595,597,600,602,599,596,594,601,604,603,605,598
257 608,606,607,610,611,609
22 622,615,619,614,620,623,613,617,616,612,621,618
67 648,643,641,654,656,647,655,652,644,635,640,651,639,633,650,628,636,638,627,658,657,630,642,645,653,646,634,629,649,625,637,631,624,626,632,659
68 662,663,691,694,676,684,685,665,670,668,671,669,661,690,672,667,675,677,682,666,680,693,692,695,664,687,689,674,673,660,686,678,681,679,683,688
69 698,699,706,701,702,697,705,707,703,696,704,700
71 713,722,724,725,721,708,717,710,712,720,718,716,723,709,715,714,719,711
74 731,735,727,726,736,733,728,737,729,734,732,730
75 788,790,768,764,742,774,744,767,779,778,752,746,753,754,777,761,766,791,762,772,765,743,763,749,748,794,795,756,773,781,770,776,784,785,780,759,789,750,758,775,783,760,747,782,740,786,755,793,739,738,751,745,796,787,797,757,741,769,771,792
76 802,803,800,801,799,798
159 810,815,814,808,813,811,805,804,807,809,812,806
80 899,880,905,901,903,819,865,841,848,869,835,825,856,852,832,837,864,818,849,842,882,888,885,891,838,853,827,863,850,906,860,898,900,857,877,844,893,845,817,878,873,897,907,881,875,816,872,879,824,904,847,822,892,883,820,854,855,909,870,890,831,874,871,887,911,895,866,862,846,834,821,861,867,868,859,830,910,829,896,840,833,889,839,836,886,823,902,828,858,894,884,826,908,851,876,843
82 928,915,923,924,916,919,914,917,929,920,926,925,921,918,913,912,927,922
83 934,946,971,975,939,961,931,960,965,972,945,935,966,958,936,938,968,977,930,973,951,944,933,937,962,957,940,954,932,942,955,969,964,949,974,941,963,953,956,970,959,952,967,976,943,948,950,947
84 982,983,979,978,980,981
87 997,992,996,994,989,985,987,991,993,1011,986,1001,1009,998,1005,990,999,988,984,1003,1013,1000,1010,1002,1007,1004,1008,1012,1006,995
88 1019,1016,1014,1015,1017,1018
90 1026,1020,1023,1027,1028,1030,1025,1021,1022,1031,1024,1029
92 1037,1041,1043,1036,1035,1040,1042,1033,1039,1034,1038,1032
96 1052,1048,1044,1050,1049,1051,1045,1047,1053,1055,1054,1046
98 1059,1067,1058,1063,1060,1066,1062,1061,1065,1064,1056,1057
97 1084,1068,1073,1070,1072,1078,1071,1075,1083,1080,1079,1081,1077,1076,1069,1085,1074,1082
102 1086,1090,1087,1089,1091,1088
190 1092,1095,1093,1097,1096,1094
105 1107,1104,1102,1099,1109,1100,1101,1106,1108,1105,1103,1098
50 1114,1111,1113,1115,1112,1110
106 1117,1120,1118,1121,1116,1119
108 1148,1122,1134,1138,1125,1147,1136,1129,1135,1127,1143,1132,1128,1145,1150,1149,1140,1139,1124,1151,1144,1133,1137,1141,1123,1146,1130,1131,1142,1126
112 1153,1152,1160,1162,1163,1159,1155,1158,1156,1154,1161,1157
119 1186,1164,1169,1168,1174,1173,1181,1165,1187,1177,1166,1179,1175,1172,1170,1171,1182,1184,1180,1178,1185,1167,1176,1183
120 1198,1196,1193,1188,1197,1194,1199,1195,1192,1191,1190,1189
121 1220,1204,1207,1208,1224,1221,1219,1211,1200,1228,1209,1229,1202,1213,1203,1206,1218,1223,1217,1216,1214,1201,1222,1210,1212,1227,1225,1215,1205,1226
122 1274,1243,1258,1260,1240,1230,1247,1281,1233,1254,1266,1271,1288,1246,1290,1293,1261,1238,1262,1277,1241,1245,1291,1253,1263,1285,1272,1248,1251,1294,1275,1250,1235,1280,1270,1283,1256,1279,1269,1236,1242,1231,1273,1289,1295,1255,1276,1244,1278,1239,1282,1292,1287,1268,1265,1232,1267,1286,1284,1257,1252,1264,1234,1249,1237,1259
65 1311,1301,1313,1303,1298,1299,1312,1304,1297,1302,1309,1308,1307,1305,1296,1300,1310,1306
124 1319,1314,1315,1318,1316,1317
125 1320,1324,1322,1321,1323,1325
115 1330,1329,1331,1327,1328,1326
126 1336,1337,1332,1335,1333,1334
128 1347,1341,1339,1353,1340,1352,1345,1342,1355,1338,1344,1343,1351,1350,1354,1346,1348,1349
131 1412,1446,1401,1429,1372,1409,1433,1359,1456,1410,1404,1458,1475,1413,1414,1467,1398,1397,1376,1461,1473,1447,1443,1392,1472,1369,1450,1421,1356,1385,1469,1395,1378,1474,1445,1364,1449,1466,1382,1444,1403,1358,1390,1406,1442,1380,1416,1387,1400,1418,1451,1422,1464,1394,1379,1439,1419,1383,1437,1430,1365,1388,1459,1465,1452,1386,1420,1396,1405,1426,1371,1417,1440,1407,1402,1370,1432,1375,1374,1391,1441,1415,1389,1453,1455,1431,1470,1363,1434,1454,1468,1427,1471,1436,1367,1457,1411,1360,1381,1373,1463,1393,1435,1361,1368,1424,1377,1448,1460,1425,1384,1423,1462,1366,1399,1408,1428,1357,1362,1438
129 1479,1476,1477,1478,1481,1480
130 1482,1486,1483,1484,1485,1487
134 1494,1497,1499,1493,1496,1490,1488,1498,1492,1495,1491,1489
138 1504,1503,1502,1501,1500,1505
142 1519,1509,1529,1506,1511,1515,1514,1525,1527,1524,1518,1521,1517,1523,1513,1522,1512,1526,1528,1508,1520,1516,1510,1507
144 1530,1535,1532,1533,1531,1534
60 1544,1558,1551,1554,1573,1562,1574,1577,1547,1550,1570,1575,1568,1559,1565,1561,1555,1536,1564,1571,1542,1543,1552,1576,1566,1545,1549,1560,1557,1563,1538,1553,1548,1540,1539,1556,1537,1572,1546,1567,1569,1541
146 1594,1591,1593,1588,1586,1587,1581,1595,1583,1589,1580,1579,1592,1584,1585,1590,1578,1582
147 1603,1599,1610,1612,1607,1601,1604,1608,1609,1606,1597,1613,1611,1596,1600,1602,1598,1605
148 1617,1616,1619,1615,1618,1614
151 1622,1630,1620,1621,1629,1631,1625,1624,1627,1628,1626,1623
152 1648,1664,1656,1662,1657,1659,1637,1651,1649,1632,1638,1666,1661,1667,1654,1647,1650,1655,1636,1658,1641,1652,1642,1660,1644,1645,1639,1646,1634,1640,1635,1643,1633,1653,1663,1665
153 1669,1689,1686,1681,1682,1675,1683,1680,1688,1670,1690,1671,1692,1679,1673,1676,1672,1685,1691,1684,1674,1668,1696,1687,1677,1695,1694,1693,1678,1697
165 1709,1711,1715,1702,1712,1706,1700,1714,1707,1713,1699,1703,1704,1708,1698,1710,1701,1705
167 1717,1716,1721,1719,1718,1720
168 1723,1728,1722,1730,1732,1731,1726,1727,1724,1733,1725,1729
169 1739,1769,1743,1744,1740,1761,1755,1750,1762,1768,1737,1748,1756,1757,1759,1751,1763,1738,1741,1764,1747,1734,1765,1754,1736,1766,1758,1752,1746,1735,1760,1745,1749,1742,1767,1753
171 1774,1780,1777,1773,1775,1776,1772,1771,1770,1779,1778,1781
172 1783,1787,1785,1786,1782,1784
175 1793,1828,1790,1800,1816,1834,1833,1788,1813,1806,1789,1802,1825,1803,1826,1796,1811,1791,1804,1819,1814,1824,1792,1827,1835,1822,1831,1823,1830,1797,1818,1808,1829,1812,1815,1821,1807,1799,1801,1805,1832,1798,1809,1817,1810,1795,1794,1820
177 1836,1837,1863,1865,1845,1841,1849,1846,1861,1847,1864,1858,1838,1853,1854,1860,1855,1848,1851,1859,1852,1843,1839,1840,1844,1842,1862,1856,1850,1857
178 1873,1881,1882,1867,1868,1878,1866,1875,1871,1879,1870,1883,1872,1880,1877,1876,1869,1874
179 1888,1887,1885,1884,1886,1889
182 1895,1893,1891,1890,1894,1892
183 1897,1901,1905,1906,1904,1907,1900,1902,1898,1903,1899,1896
73 1924,1916,1918,1909,1921,1917,1911,1912,1923,1922,1908,1919,1925,1914,1913,1915,1920,1910
184 1935,1932,1931,1928,1933,1930,1934,1937,1936,1926,1929,1927
186 1940,1961,1942,1953,1955,1944,1950,1946,1947,1956,1949,1954,1959,1943,1960,1941,1939,1957,1948,1938,1958,1952,1951,1945
187 1985,1975,1989,1993,1996,1968,1972,1988,1997,1983,1994,1973,1995,1992,1967,1978,1969,1980,1976,1991,1962,1964,1974,1966,1984,1986,1965,1982,1971,1981,1970,1977,1963,1990,1979,1987
255 2008,1999,2003,2006,2009,2000,2005,2002,2007,2004,2001,1998
188 2010,2029,2031,2018,2023,2015,2014,2032,2020,2033,2027,2019,2013,2025,2022,2028,2030,2017,2026,2011,2012,2024,2016,2021
109 2034,2046,2039,2062,2047,2040,2059,2037,2063,2036,2045,2057,2049,2060,2052,2061,2058,2043,2050,2042,2051,2054,2044,2048,2035,2041,2053,2055,2056,2038
191 2082,2093,2071,2081,2075,2073,2076,2066,2077,2091,2079,2074,2065,2072,2089,2085,2088,2067,2086,2090,2070,2092,2080,2087,2064,2069,2083,2078,2084,2068
193 2095,2097,2101,2105,2102,2103,2094,2104,2096,2099,2100,2098
194 2113,2121,2119,2111,2127,2106,2114,2110,2117,2120,2122,2126,2115,2124,2108,2129,2112,2118,2123,2109,2116,2128,2107,2125
196 2149,2135,2132,2143,2146,2150,2141,2158,2154,2136,2142,2157,2155,2153,2151,2147,2159,2134,2137,2156,2152,2131,2144,2148,2139,2130,2145,2140,2138,2133
198 2168,2163,2161,2238,2183,2213,2231,2190,2176,2243,2198,2215,2217,2200,2167,2214,2201,2219,2182,2172,2175,2195,2211,2204,2192,2193,2174,2221,2169,2236,2237,2205,2212,2187,2240,2194,2224,2229,2171,2203,2210,2181,2234,2197,2186,2218,2180,2225,2191,2235,2208,2160,2185,2170,2184,2207,2206,2228,2173,2209,2239,2242,2222,2232,2164,2188,2189,2165,2227,2179,2241,2162,2216,2177,2226,2178,2223,2196,2199,2233,2202,2166,2220,2230
200 2252,2245,2250,2254,2253,2244,2248,2246,2247,2255,2251,2249
201 2258,2268,2270,2283,2278,2257,2259,2269,2261,2267,2275,2273,2266,2264,2285,2271,2265,2274,2280,2284,2276,2256,2282,2279,2263,2260,2262,2272,2277,2281
202 2311,2290,2314,2298,2306,2289,2295,2288,2312,2313,2315,2287,2304,2296,2301,2293,2300,2307,2294,2308,2286,2305,2309,2299,2302,2291,2297,2292,2303,2310
204 2318,2321,2316,2320,2317,2319
206 2345,2343,2332,2330,2339,2341,2334,2344,2326,2342,2336,2322,2335,2337,2325,2329,2338,2328,2327,2331,2324,2333,2340,2323
208 2349,2363,2350,2361,2365,2354,2368,2358,2355,2356,2369,2359,2346,2367,2364,2366,2351,2348,2352,2362,2353,2357,2347,2360
245 2387,2381,2374,2379,2383,2371,2378,2386,2372,2382,2377,2373,2385,2380,2384,2370,2375,2376
209 2399,2392,2389,2396,2398,2393,2395,2391,2388,2394,2390,2397
210 2422,2417,2400,2405,2423,2404,2415,2406,2418,2416,2412,2419,2420,2407,2409,2413,2414,2402,2421,2410,2411,2408,2401,2403
214 2456,2459,2446,2427,2433,2429,2451,2441,2435,2440,2461,2432,2452,2438,2455,2460,2443,2447,2430,2437,2454,2424,2450,2458,2425,2428,2462,2465,2448,2431,2434,2444,2457,2445,2464,2449,2426,2436,2463,2453,2442,2439
215 2467,2469,2470,2471,2468,2466
217 2475,2476,2474,2473,2472,2477
219 2485,2479,2492,2490,2480,2486,2484,2493,2489,2494,2488,2482,2487,2483,2481,2491,2495,2478
221 2506,2496,2505,2499,2513,2504,2497,2501,2511,2507,2498,2512,2500,2503,2509,2502,2510,2508
222 2517,2543,2519,2520,2531,2551,2572,2565,2557,2535,2568,2553,2555,2522,2529,2541,2518,2514,2569,2515,2544,2533,2516,2547,2526,2523,2550,2537,2560,2570,2562,2571,2552,2554,2566,2532,2556,2561,2573,2549,2530,2524,2559,2528,2567,2546,2564,2542,2558,2534,2525,2521,2536,2538,2563,2540,2527,2539,2548,2545
223 2589,2583,2574,2591,2590,2581,2576,2575,2588,2584,2580,2585,2587,2582,2578,2577,2586,2579
227 2608,2609,2593,2596,2594,2600,2602,2606,2597,2598,2595,2607,2604,2592,2599,2603,2605,2601
229 2615,2610,2614,2613,2612,2611
232 2618,2616,2625,2620,2622,2633,2619,2623,2624,2621,2629,2627,2630,2631,2617,2628,2632,2626
235 2636,2635,2637,2639,2638,2634
236 2642,2640,2644,2645,2641,2643
110 2651,2647,2649,2648,2650,2646
239 2673,2669,2662,2695,2659,2694,2654,2661,2665,2663,2684,2693,2699,2682,2668,2696,2671,2697,2685,2681,2652,2692,2698,2686,2674,2666,2657,2688,2672,2656,2653,2670,2677,2689,2680,2664,2679,2690,2676,2667,2658,2675,2687,2683,2660,2691,2678,2655
55 2710,2718,2738,2719,2747,2725,2745,2746,2733,2703,2721,2707,2741,2737,2712,2739,2723,2727,2731,2736,2702,2730,2711,2705,2740,2735,2742,2715,2734,2706,2744,2728,2717,2709,2714,2713,2708,2743,2701,2716,2700,2729,2732,2724,2704,2722,2720,2726
246 2752,2751,2748,2753,2750,2749
248 2767,2756,2771,2770,2765,2755,2754,2758,2760,2763,2761,2768,2757,2762,2764,2766,2769,2759
253 2775,2772,2783,2781,2778,2779,2782,2776,2774,2777,2773,2780
254 2788,2787,2784,2789,2786,2785
256 2795,2797,2792,2801,2796,2791,2794,2793,2799,2800,2798,2790
258 2848,2825,2809,2846,2839,2827,2847,2831,2844,2828,2832,2830,2843,2819,2849,2822,2837,2842,2813,2814,2845,2834,2803,2804,2840,2808,2802,2811,2821,2806,2838,2833,2824,2826,2810,2818,2820,2836,2817,2841,2812,2816,2835,2807,2815,2823,2829,2805
259 2857,2854,2856,2855,2851,2861,2852,2850,2859,2860,2858,2853
260 2868,2876,2862,2872,2867,2873,2866,2869,2871,2879,2864,2870,2874,2875,2863,2878,2865,2877
262 2891,2890,2881,2884,2888,2883,2887,2886,2885,2882,2880,2889
263 2895,2907,2914,2901,2910,2903,2896,2906,2902,2904,2915,2899,2912,2898,2893,2908,2897,2911,2913,2909,2905,2894,2892,2900
123 2926,2928,2917,2930,2920,2923,2927,2916,2922,2919,2924,2918,2933,2929,2925,2931,2932,2921
224 2938,2940,2943,2944,2939,2936,2945,2934,2937,2941,2935,2942
103 2969,2957,2959,2967,2958,2962,2966,2960,2950,2963,2951,2949,2946,2948,2961,2956,2947,2954,2964,2968,2952,2955,2965,2953
5 2980,2975,2976,2981,2978,2972,2977,2979,2971,2973,2974,2970
62 2987,3002,2992,3003,2993,3001,2994,2997,3005,2995,3004,2982,2986,2990,2998,2999,2996,3000,2988,2985,2989,2991,2984,2983
145 3039,3036,3024,3041,3035,3025,3029,3033,3020,3038,3031,3008,3016,3014,3023,3018,3011,3037,3032,3022,3009,3019,3027,3013,3028,3030,3017,3026,3012,3040,3007,3034,3006,3021,3015,3010
72 3044,3042,3047,3043,3046,3045
163 3088,3107,3049,3068,3083,3069,3076,3081,3060,3057,3055,3062,3089,3104,3074,3105,3054,3084,3096,3094,3078,3098,3067,3048,3051,3070,3103,3073,3080,3079,3086,3097,3085,3082,3059,3099,3095,3093,3058,3102,3087,3064,3066,3063,3075,3072,3056,3077,3071,3090,3092,3052,3061,3053,3106,3065,3100,3050,3101,3091
150 3113,3112,3108,3109,3111,3110
38 3118,3119,3115,3116,3114,3117
8 3120,3133,3126,3125,3131,3136,3122,3130,3137,3127,3121,3128,3134,3135,3124,3129,3123,3132
27 3140,3138,3142,3139,3143,3141
79 3146,3145,3149,3148,3144,3147
61 3154,3173,3175,3180,3178,3176,3158,3174,3168,3181,3152,3182,3166,3177,3165,3170,3171,3163,3164,3161,3183,3179,3156,3151,3169,3155,3172,3150,3167,3159,3160,3185,3162,3153,3184,3157
176 3202,3191,3188,3190,3194,3193,3200,3203,3199,3192,3195,3197,3187,3186,3189,3201,3198,3196
154 3218,3219,3204,3220,3207,3208,3221,3213,3211,3210,3206,3215,3205,3214,3212,3216,3217,3209
33 3224,3225,3227,3222,3226,3223
7 3235,3245,3238,3228,3236,3241,3234,3231,3230,3244,3243,3233,3239,3229,3242,3232,3237,3240
189 3246,3247,3249,3250,3251,3248
89 3261,3266,3282,3254,3291,3293,3273,3262,3287,3252,3268,3269,3288,3270,3265,3292,3290,3278,3264,3263,3271,3274,3284,3253,3275,3272,3286,3255,3259,3281,3267,3258,3289,3260,3280,3283,3256,3285,3277,3257,3276,3279
100 3303,3296,3304,3298,3300,3302,3305,3295,3299,3294,3297,3301
17 3310,3311,3306,3307,3308,3309
35 3314,3316,3313,3315,3312,3317
63 3322,3318,3321,3320,3319,3323
2 3334,3326,3325,3331,3332,3337,3330,3338,3329,3324,3340,3344,3343,3333,3328,3339,3342,3341,3336,3345,3346,3347,3335,3327
58 3354,3349,3356,3357,3358,3350,3359,3353,3352,3355,3351,3348
173 3368,3371,3360,3373,3375,3366,3370,3362,3374,3376,3367,3369,3377,3372,3363,3364,3365,3361
158 3379,3382,3380,3383,3378,3381
113 3388,3435,3419,3431,3434,3421,3405,3420,3425,3395,3426,3392,3428,3413,3415,3396,3429,3401,3403,3411,3427,3386,3436,3437,3409,3404,3423,3416,3410,3389,3417,3414,3408,3397,3424,3385,3399,3430,3433,3387,3407,3384,3400,3390,3432,3402,3398,3418,3391,3393,3406,3412,3422,3394
114 3440,3443,3442,3438,3441,3439
9 3462,3449,3445,3454,3448,3461,3452,3456,3450,3463,3465,3460,3457,3455,3464,3451,3446,3444,3467,3459,3447,3466,3458,3453
251 3473,3468,3472,3471,3469,3470
43 3474,3478,3476,3479,3475,3477
10 3493,3485,3496,3497,3483,3487,3495,3490,3480,3491,3481,3494,3489,3484,3486,3492,3488,3482
241 3503,3500,3502,3498,3501,3499
226 3512,3519,3526,3507,3522,3525,3508,3515,3521,3511,3518,3516,3506,3513,3504,3509,3505,3523,3510,3514,3527,3520,3524,3517
155 3555,3536,3541,3542,3554,3531,3546,3540,3556,3529,3553,3552,3539,3544,3543,3551,3547,3538,3537,3530,3545,3550,3528,3548,3557,3535,3532,3534,3533,3549
164 3561,3559,3563,3558,3562,3560
81 3564,3568,3586,3584,3580,3585,3571,3573,3587,3570,3569,3577,3579,3575,3565,3581,3583,3567,3582,3566,3578,3572,3576,3574
44 3593,3589,3592,3588,3590,3591
20 3600,3603,3599,3601,3597,3598,3604,3602,3594,3605,3596,3595
45 3622,3616,3610,3606,3607,3612,3611,3615,3608,3618,3621,3620,3617,3609,3614,3623,3619,3613
77 3635,3664,3626,3636,3670,3667,3661,3663,3631,3633,3657,3656,3668,3640,3646,3641,3662,3654,3653,3652,3625,3648,3637,3638,3645,3643,3669,3651,3665,3671,3630,3628,3629,3660,3627,3650,3634,3644,3632,3647,3624,3649,3666,3642,3639,3658,3655,3659
11 3683,3677,3674,3676,3673,3672,3679,3680,3682,3681,3678,3675
203 3719,3707,3703,3700,3716,3688,3712,3711,3695,3687,3714,3715,3713,3696,3718,3699,3717,3704,3690,3697,3698,3692,3694,3710,3684,3689,3685,3686,3706,3709,3705,3708,3691,3701,3693,3702
230 3727,3728,3724,3721,3722,3730,3729,3731,3723,3720,3725,3726
181 3744,3749,3743,3735,3737,3754,3742,3748,3751,3739,3740,3732,3755,3747,3746,3733,3752,3745,3741,3753,3750,3738,3734,3736
57 3761,3760,3757,3758,3756,3759
213 3766,3774,3776,3777,3765,3778,3769,3767,3773,3770,3763,3771,3764,3768,3775,3762,3779,3772
3 3787,3780,3786,3790,3782,3788,3784,3791,3789,3783,3785,3781
228 3817,3803,3796,3800,3818,3806,3814,3794,3799,3805,3816,3819,3811,3815,3821,3797,3812,3798,3820,3809,3804,3801,3813,3808,3810,3793,3802,3792,3807,3795
139 3839,3835,3826,3834,3840,3838,3833,3832,3827,3844,3841,3843,3825,3837,3845,3830,3831,3828,3829,3822,3823,3836,3824,3842
46 3866,3855,3876,3879,3877,3848,3881,3854,3871,3847,3852,3873,3874,3869,3875,3846,3880,3870,3864,3867,3878,3872,3853,3858,3865,3851,3868,3862,3857,3861,3850,3860,3849,3863,3859,3856
64 3935,3932,3938,3933,3887,3894,3902,3928,3915,3941,3897,3936,3909,3905,3939,3907,3904,3884,3886,3893,3918,3911,3926,3885,3924,3925,3929,3892,3891,3896,3937,3921,3883,3931,3930,3906,3895,3910,3917,3900,3916,3919,3908,3889,3927,3888,3890,3940,3903,3901,3882,3914,3899,3923,3912,3934,3922,3898,3913,3920
26 3944,3945,3942,3947,3946,3943
243 3953,3951,3949,3948,3950,3952
91 3957,3959,3955,3956,3958,3954
0 3960,3964,3965,3962,3961,3963
162 3972,3984,3974,3971,3985,3983,3980,3989,3970,3977,3968,3982,3979,3987,3986,3978,3981,3975,3976,3969,3966,3988,3967,3973
132 3999,3997,3998,3990,3996,3991,3992,3994,3993,4001,3995,4000
36 4029,4017,4012,4020,4021,4022,4030,4028,4014,4025,4013,4019,4002,4009,4004,4027,4007,4023,4010,4003,4006,4005,4016,4018,4031,4026,4011,4024,4008,4015
156 4037,4033,4035,4032,4036,4034
107 4042,4078,4041,4063,4054,4076,4059,4067,4069,4039,4075,4043,4044,4052,4077,4073,4055,4074,4048,4051,4038,4046,4066,4061,4072,4079,4068,4047,4049,4070,4062,4065,4071,4060,4064,4058,4056,4050,4040,4057,4053,4045
249 4086,4088,4083,4085,4087,4080,4082,4081,4084,4090,4091,4089
85 4105,4099,4104,4100,4106,4101,4103,4109,4102,4095,4098,4107,4093,4097,4094,4108,4092,4096
225 4114,4111,4116,4115,4118,4123,4126,4120,4112,4122,4113,4124,4121,4110,4117,4119,4127,4125
231 4129,4133,4131,4132,4130,4128
240 4141,4144,4145,4142,4137,4139,4135,4138,4143,4140,4134,4136
135 4150,4173,4174,4168,4178,4158,4151,4181,4180,4167,4146,4171,4169,4153,4155,4161,4166,4175,4147,4152,4172,4156,4154,4179,4165,4164,4157,4162,4176,4177,4170,4160,4163,4159,4149,4148
207 4183,4187,4184,4182,4186,4185
197 4188,4195,4190,4196,4205,4199,4207,4192,4198,4189,4211,4204,4203,4206,4194,4202,4191,4200,4201,4209,4197,4208,4193,4210
15 4214,4212,4216,4217,4213,4215
252 4223,4224,4235,4225,4230,4228,4221,4232,4226,4234,4222,4227,4233,4229,4231,4219,4218,4220
185 4243,4245,4238,4244,4241,4242,4239,4240,4247,4237,4246,4236
6 4257,4270,4258,4260,4263,4267,4252,4264,4262,4250,4259,4249,4253,4269,4266,4271,4251,4255,4256,4268,4254,4248,4261,4265
161 4288,4300,4275,4305,4278,4295,4283,4319,4317,4312,4313,4291,4303,4279,4306,4314,4316,4301,4297,4277,4281,4292,4287,4290,4299,4309,4284,4286,4298,4308,4294,4272,4304,4276,4315,4318,4310,4302,4293,4289,4285,4296,4311,4274,4273,4280,4307,4282
218 4330,4326,4325,4327,4320,4324,4322,4323,4329,4321,4328,4331
136 4335,4334,4340,4343,4341,4333,4336,4339,4338,4337,4342,4332
94 4355,4344,4354,4347,4353,4346,4345,4349,4352,4351,4350,4348
37 4379,4399,4368,4373,4402,4403,4383,4360,4397,4388,4377,4366,4401,4398,4375,4389,4400,4358,4381,4370,4382,4359,4396,4385,4369,4357,4390,4395,4362,4367,4371,4374,4380,4376,4372,4378,4361,4363,4392,4365,4386,4387,4364,4356,4391,4384,4393,4394
149 4462,4459,4446,4461,4406,4431,4450,4405,4469,4452,4435,4421,4460,4432,4438,4448,4437,4440,4426,4409,4456,4420,4463,4441,4458,4418,4408,4467,4416,4468,4455,4457,4425,4413,4466,4439,4427,4434,4465,4404,4445,4442,4422,4428,4449,4453,4423,4429,4433,4436,4411,4414,4419,4417,4415,4424,4443,4444,4410,4447,4430,4451,4407,4464,4412,4454
13 4474,4470,4473,4471,4475,4472
39 4476,4479,4481,4478,4480,4477
