234 5,9,2,10,1,4,3,11,0,7,8,6
1 32,21,30,34,27,19,40,36,13,16,26,24,20,25,17,15,14,29,33,38,12,31,28,23,35,18,39,22,41,37
4 45,48,47,49,42,50,46,52,53,43,44,51
16 65,61,55,54,56,63,59,60,64,58,57,62
18 83,66,94,82,98,84,103,75,76,78,70,71,85,91,88,108,101,92,104,90,111,110,74,106,68,102,69,99,89,113,73,80,97,67,79,100,86,87,107,93,112,77,96,81,95,72,109,105
19 114,121,118,123,124,120,122,116,115,119,117,125
21 157,153,159,160,158,129,136,147,142,126,154,137,150,138,149,135,128,145,140,151,131,144,148,161,141,132,127,155,133,130,156,146,139,152,134,143
23 176,164,168,163,167,170,174,175,178,171,179,172,165,177,166,169,162,173
24 182,184,185,181,187,183,188,191,189,180,186,190
25 202,203,194,198,201,200,199,192,193,196,195,197
28 209,206,208,216,207,210,211,218,215,219,217,205,212,204,213,220,214,221
30 226,237,223,222,227,230,234,236,224,225,238,233,232,231,228,239,235,229
31 257,251,252,250,253,246,256,243,242,240,248,244,247,254,241,245,255,249
32 260,275,267,259,265,261,274,273,269,266,264,258,262,272,281,278,263,271,276,277,268,270,279,280
216 296,290,300,299,283,291,286,292,302,310,312,307,297,294,282,315,289,320,309,316,308,314,284,313,311,306,321,287,323,295,285,301,304,318,319,303,317,288,298,305,293,322
34 371,331,353,358,374,364,335,333,340,350,360,324,367,332,349,341,325,348,354,372,342,373,327,363,334,347,343,352,368,365,362,356,339,369,366,359,377,346,370,345,336,329,351,328,330,355,357,375,326,337,361,344,338,376
40 382,391,379,380,387,392,384,381,389,385,395,394,390,386,383,388,378,393
41 402,403,397,409,401,412,411,408,399,404,398,396,407,410,400,413,406,405
42 417,422,425,421,426,416,429,431,428,427,414,418,430,420,415,419,423,424
199 436,437,433,435,432,434
160 441,450,451,454,464,448,458,456,439,472,462,457,440,455,444,449,469,461,443,452,459,473,453,468,463,442,438,446,467,460,470,466,447,465,445,471
47 485,514,482,509,475,486,495,501,504,505,488,503,513,520,484,474,494,517,502,479,493,518,500,497,480,489,498,508,481,510,496,511,507,519,521,515,512,476,487,492,506,491,490,499,477,516,483,478
78 542,530,526,543,532,544,549,545,550,551,535,541,539,548,547,529,527,533,537,534,536,540,524,538,525,522,546,523,528,531
48 562,563,558,559,552,555,556,561,553,554,557,560
53 564,573,570,568,566,567,569,572,574,565,575,571
250 586,583,591,584,581,589,588,578,593,577,579,582,580,585,590,576,587,592
49 598,605,603,596,595,599,600,597,604,601,594,602
257 610,609,606,608,607,611
22 618,622,623,613,620,617,615,612,614,619,616,621
67 640,633,626,645,659,646,628,655,637,642,630,657,627,653,643,631,636,635,634,644,624,656,647,632,648,638,654,649,629,652,639,658,650,641,651,625
68 692,677,672,674,669,693,679,663,680,666,685,668,665,686,684,689,667,678,688,695,661,671,662,683,681,670,675,682,676,664,694,687,691,690,673,660
69 700,703,701,702,699,696,704,707,706,698,697,705
71 714,711,710,708,709,721,719,715,723,712,725,716,718,724,713,722,717,720
74 732,734,736,731,727,730,733,735,728,729,726,737
75 763,761,755,741,758,769,765,784,751,777,775,753,746,742,781,787,790,754,766,760,759,745,795,778,774,771,770,796,788,797,748,756,782,783,794,786,764,757,744,747,767,768,785,740,739,743,776,752,793,789,773,749,780,772,762,750,738,792,791,779
76 799,803,802,798,800,801
159 808,809,814,807,805,812,804,810,813,806,811,815
80 835,853,904,831,893,827,840,850,823,858,816,887,836,852,828,848,843,906,867,859,864,817,908,891,829,832,884,822,889,847,882,826,834,872,868,880,869,909,898,902,894,821,860,911,879,874,825,819,863,892,824,820,878,849,833,890,895,897,905,870,876,873,883,851,854,855,818,899,886,845,901,856,888,900,841,875,846,842,839,885,871,844,861,910,881,866,837,830,857,896,838,907,865,877,903,862
82 919,922,913,914,921,912,916,924,929,927,925,926,920,915,917,923,928,918
83 942,969,959,947,936,976,930,937,950,967,953,970,952,933,974,975,938,966,943,964,957,956,960,945,946,965,940,971,951,935,977,948,972,932,962,963,954,931,944,934,941,973,958,968,955,949,939,961
84 980,982,981,983,978,979
87 1006,1010,1000,1012,986,995,1011,991,994,999,1004,1002,1003,1008,996,998,1009,1013,997,985,1005,984,1007,988,987,990,992,989,993,1001
88 1017,1018,1019,1015,1016,1014
90 1029,1030,1020,1028,1021,1027,1022,1031,1023,1024,1025,1026
92 1034,1041,1040,1039,1042,1033,1036,1038,1043,1032,1037,1035
96 1049,1054,1045,1047,1046,1044,1053,1052,1055,1051,1048,1050
98 1062,1065,1066,1067,1056,1058,1061,1057,1064,1063,1060,1059
97 1075,1071,1080,1082,1083,1079,1078,1073,1074,1069,1081,1085,1077,1084,1070,1076,1068,1072
102 1091,1087,1090,1089,1086,1088
190 1093,1096,1095,1097,1094,1092
105 1102,1103,1105,1099,1106,1104,1098,1100,1109,1108,1101,1107
50 1114,1113,1115,1110,1112,1111
106 1117,1116,1121,1120,1119,1118
108 1143,1128,1130,1145,1131,1140,1150,1149,1132,1126,1139,1127,1141,1138,1151,1144,1124,1147,1123,1148,1142,1125,1146,1122,1136,1129,1134,1133,1135,1137
112 1154,1163,1161,1159,1153,1152,1160,1157,1156,1162,1158,1155
119 1182,1179,1165,1164,1175,1176,1183,1177,1174,1184,1170,1185,1172,1187,1178,1167,1186,1173,1180,1169,1166,1171,1168,1181
120 1188,1189,1196,1192,1195,1191,1194,1193,1199,1190,1198,1197
121 1203,1222,1214,1215,1213,1210,1226,1208,1217,1218,1225,1212,1201,1221,1200,1220,1216,1227,1204,1224,1209,1223,1202,1229,1228,1219,1211,1206,1205,1207
122 1285,1270,1268,1253,1269,1279,1232,1289,1255,1237,1283,1242,1290,1234,1278,1286,1292,1252,1239,1284,1230,1244,1282,1276,1291,1272,1294,1260,1251,1247,1273,1256,1281,1257,1248,1271,1274,1267,1277,1287,1275,1238,1250,1264,1231,1259,1235,1263,1288,1243,1240,1254,1266,1246,1249,1258,1245,1280,1233,1293,1295,1241,1236,1261,1265,1262
65 1302,1297,1299,1298,1301,1310,1300,1303,1305,1296,1309,1308,1313,1311,1307,1304,1312,1306
124 1316,1318,1319,1315,1317,1314
125 1322,1321,1325,1324,1320,1323
115 1326,1328,1330,1329,1327,1331
126 1335,1334,1333,1332,1336,1337
128 1346,1338,1344,1339,1351,1340,1345,1348,1349,1355,1347,1352,1342,1343,1341,1354,1350,1353
131 1399,1397,1383,1444,1424,1405,1438,1428,1387,1417,1437,1357,1356,1378,1462,1384,1393,1448,1463,1365,1361,1377,1359,1418,1469,1390,1468,1472,1427,1471,1406,1373,1423,1369,1422,1439,1360,1362,1458,1459,1414,1442,1456,1453,1372,1460,1431,1457,1380,1474,1391,1450,1465,1370,1366,1364,1394,1396,1400,1452,1379,1413,1407,1421,1374,1435,1389,1461,1416,1386,1376,1368,1401,1443,1395,1475,1429,1464,1411,1408,1445,1451,1375,1440,1371,1430,1473,1363,1446,1425,1419,1385,1412,1381,1403,1367,1434,1404,1470,1426,1398,1388,1441,1392,1382,1415,1454,1436,1433,1447,1420,1466,1455,1467,1409,1358,1449,1432,1410,1402
129 1477,1481,1478,1480,1479,1476
130 1486,1484,1487,1485,1482,1483
134 1491,1489,1492,1490,1497,1493,1498,1499,1495,1488,1496,1494
138 1501,1504,1500,1505,1502,1503
142 1525,1527,1521,1526,1512,1510,1507,1517,1520,1528,1511,1508,1524,1515,1514,1518,1519,1529,1509,1513,1522,1516,1523,1506
144 1534,1535,1530,1533,1531,1532
60 1561,1577,1541,1559,1555,1556,1547,1568,1551,1572,1537,1571,1557,1576,1543,1558,1542,1560,1562,1563,1540,1553,1575,1570,1550,1566,1536,1538,1564,1567,1565,1573,1552,1548,1554,1544,1549,1539,1546,1569,1574,1545
146 1595,1579,1592,1584,1578,1583,1580,1581,1582,1589,1591,1587,1593,1586,1585,1588,1594,1590
147 1602,1608,1601,1605,1612,1598,1606,1600,1603,1610,1596,1597,1611,1609,1613,1604,1599,1607
148 1614,1619,1617,1618,1616,1615
151 1629,1623,1627,1624,1620,1631,1621,1626,1630,1622,1625,1628
152 1660,1661,1646,1647,1652,1632,1642,1659,1665,1656,1643,1641,1650,1654,1667,1635,1648,1639,1666,1634,1658,1637,1633,1653,1649,1663,1664,1638,1657,1662,1640,1645,1644,1651,1636,1655
153 1678,1674,1691,1683,1696,1694,1695,1668,1697,1687,1673,1672,1682,1679,1686,1677,1675,1693,1676,1669,1671,1685,1692,1680,1689,1684,1681,1690,1670,1688
165 1710,1711,1707,1709,1700,1702,1714,1703,1698,1705,1706,1708,1701,1713,1715,1704,1712,1699
167 1719,1718,1721,1720,1717,1716
168 1733,1730,1725,1732,1724,1731,1728,1722,1727,1729,1723,1726
169 1765,1764,1758,1745,1736,1741,1735,1749,1737,1747,1753,1754,1756,1759,1766,1768,1763,1760,1762,1738,1734,1761,1743,1746,1752,1742,1767,1748,1739,1740,1744,1769,1751,1750,1755,1757
171 1778,1772,1780,1781,1779,1774,1771,1776,1773,1777,1770,1775
172 1782,1784,1783,1785,1786,1787
175 1819,1815,1807,1830,1801,1804,1824,1798,1813,1822,1827,1823,1835,1832,1792,1820,1817,1799,1808,1816,1803,1810,1794,1795,1809,1789,1829,1834,1811,1797,1800,1805,1793,1812,1825,1806,1821,1818,1831,1791,1814,1796,1828,1790,1802,1826,1788,1833
177 1839,1854,1850,1841,1844,1845,1864,1861,1840,1838,1865,1843,1860,1849,1842,1848,1853,1846,1837,1851,1855,1852,1847,1836,1863,1858,1856,1859,1862,1857
178 1882,1876,1867,1869,1866,1868,1874,1871,1883,1880,1870,1877,1875,1878,1881,1879,1872,1873
179 1884,1886,1888,1889,1885,1887
182 1894,1890,1893,1895,1892,1891
183 1896,1907,1897,1904,1905,1901,1903,1899,1902,1900,1906,1898
73 1920,1913,1914,1916,1923,1910,1911,1921,1919,1924,1922,1912,1917,1915,1908,1909,1918,1925
184 1937,1936,1928,1930,1933,1927,1931,1934,1935,1929,1932,1926
186 1952,1945,1960,1951,1946,1938,1958,1959,1944,1953,1947,1948,1950,1955,1943,1941,1939,1942,1949,1957,1954,1956,1940,1961
187 1962,1978,1967,1987,1990,1977,1963,1986,1970,1992,1975,1989,1966,1982,1981,1994,1976,1980,1988,1984,1971,1979,1968,1969,1973,1991,1965,1985,1974,1983,1993,1997,1972,1964,1995,1996
255 1998,2005,2003,2001,1999,2004,2008,2009,2007,2000,2006,2002
188 2017,2026,2028,2027,2021,2014,2030,2022,2019,2018,2031,2025,2032,2016,2012,2010,2033,2029,2015,2024,2011,2023,2020,2013
109 2056,2042,2053,2036,2037,2057,2041,2052,2038,2047,2061,2058,2040,2045,2059,2044,2034,2046,2043,2062,2035,2051,2060,2055,2049,2039,2054,2063,2050,2048
191 2091,2080,2068,2090,2069,2079,2078,2089,2084,2070,2072,2066,2086,2074,2073,2085,2075,2093,2077,2087,2081,2064,2092,2083,2067,2071,2082,2065,2076,2088
193 2099,2098,2102,2095,2105,2101,2100,2104,2097,2094,2103,2096
194 2117,2124,2129,2110,2123,2126,2125,2106,2112,2119,2118,2109,2122,2127,2111,2120,2128,2107,2116,2113,2108,2115,2114,2121
196 2148,2133,2152,2138,2153,2142,2156,2143,2141,2139,2146,2151,2147,2159,2149,2158,2131,2155,2136,2134,2132,2137,2154,2140,2144,2150,2135,2145,2157,2130
198 2212,2165,2202,2181,2216,2220,2222,2210,2175,2199,2197,2167,2213,2179,2227,2196,2183,2218,2162,2184,2234,2188,2171,2221,2206,2204,2217,2160,2166,2230,2223,2205,2174,2191,2207,2235,2194,2180,2198,2240,2208,2189,2169,2200,2241,2209,2190,2239,2233,2164,2176,2224,2172,2215,2232,2243,2203,2177,2225,2185,2192,2237,2228,2168,2170,2201,2186,2238,2173,2226,2211,2231,2163,2193,2214,2195,2242,2178,2182,2236,2219,2161,2229,2187
200 2249,2251,2248,2244,2246,2245,2253,2250,2252,2255,2254,2247
201 2281,2282,2272,2257,2262,2283,2268,2258,2265,2261,2264,2274,2277,2271,2279,2260,2284,2280,2276,2269,2266,2263,2267,2259,2256,2273,2278,2285,2275,2270
202 2288,2291,2293,2294,2295,2303,2312,2292,2315,2287,2309,2300,2290,2313,2297,2298,2296,2302,2314,2310,2304,2299,2308,2305,2307,2286,2289,2301,2306,2311
204 2316,2320,2321,2317,2319,2318
206 2340,2342,2331,2329,2326,2330,2322,2337,2339,2333,2328,2335,2334,2325,2345,2327,2343,2332,2323,2338,2336,2344,2324,2341
208 2347,2352,2346,2361,2353,2367,2349,2369,2351,2365,2366,2357,2348,2354,2350,2358,2360,2364,2356,2368,2359,2363,2362,2355
245 2386,2385,2382,2372,2376,2371,2370,2380,2377,2375,2379,2383,2384,2381,2378,2373,2387,2374
209 2397,2394,2396,2391,2393,2399,2398,2392,2390,2395,2389,2388
210 2415,2409,2403,2421,2414,2402,2413,2416,2417,2419,2410,2412,2404,2423,2400,2401,2405,2422,2406,2408,2418,2407,2411,2420
214 2437,2464,2439,2440,2442,2436,2438,2449,2452,2445,2462,2430,2454,2424,2451,2447,2465,2427,2453,2429,2461,2444,2456,2448,2433,2428,2457,2463,2450,2446,2443,2425,2431,2455,2459,2434,2426,2441,2432,2435,2460,2458
215 2471,2467,2466,2469,2470,2468
217 2476,2475,2473,2477,2474,2472
219 2482,2478,2493,2492,2484,2489,2483,2494,2495,2491,2481,2479,2485,2487,2490,2488,2486,2480
221 2509,2498,2504,2497,2512,2503,2499,2502,2501,2506,2511,2505,2513,2496,2510,2508,2500,2507
222 2545,2551,2549,2548,2529,2530,2571,2527,2526,2538,2563,2540,2534,2561,2531,2516,2572,2550,2559,2541,2554,2539,2537,2532,2570,2542,2544,2523,2519,2569,2514,2553,2558,2547,2517,2567,2573,2543,2556,2518,2520,2535,2564,2555,2524,2566,2568,2525,2521,2528,2557,2552,2522,2515,2562,2536,2565,2533,2546,2560
223 2582,2576,2589,2591,2574,2584,2586,2588,2579,2580,2583,2575,2578,2581,2587,2590,2577,2585
227 2599,2600,2608,2601,2598,2595,2593,2602,2604,2603,2596,2607,2609,2605,2594,2606,2592,2597
229 2612,2611,2614,2610,2613,2615
232 2623,2617,2626,2633,2632,2621,2627,2625,2616,2618,2619,2628,2622,2624,2620,2629,2630,2631
235 2634,2635,2639,2636,2637,2638
236 2645,2642,2641,2643,2644,2640
110 2649,2646,2648,2651,2647,2650
239 2657,2687,2688,2656,2684,2671,2674,2653,2683,2698,2690,2659,2693,2694,2679,2691,2677,2663,2666,2660,2668,2697,2682,2678,2676,2672,2669,2689,2680,2696,2695,2681,2686,2654,2685,2670,2692,2661,2699,2664,2675,2673,2655,2658,2665,2667,2662,2652
55 2740,2708,2728,2726,2722,2724,2729,2716,2746,2714,2711,2717,2723,2735,2731,2727,2737,2721,2732,2744,2739,2700,2743,2707,2730,2706,2720,2733,2742,2704,2738,2745,2703,2710,2725,2715,2718,2702,2712,2705,2719,2734,2713,2709,2741,2701,2736,2747
246 2749,2753,2748,2751,2752,2750
248 2769,2765,2766,2758,2755,2759,2762,2768,2761,2763,2764,2760,2770,2756,2767,2754,2771,2757
253 2774,2782,2778,2773,2777,2776,2781,2775,2780,2772,2783,2779
254 2786,2788,2784,2785,2789,2787
256 2798,2800,2793,2790,2801,2795,2791,2794,2799,2797,2796,2792
258 2826,2816,2803,2812,2815,2832,2839,2804,2830,2845,2844,2841,2831,2809,2810,2835,2840,2837,2802,2846,2829,2833,2814,2813,2848,2847,2805,2817,2818,2819,2838,2821,2827,2843,2823,2808,2811,2825,2834,2806,2822,2849,2820,2807,2842,2828,2836,2824
259 2855,2856,2852,2859,2854,2858,2853,2850,2861,2860,2851,2857
260 2876,2868,2862,2863,2875,2865,2872,2877,2870,2864,2866,2879,2878,2871,2869,2867,2874,2873
262 2888,2886,2880,2889,2891,2882,2884,2885,2881,2883,2890,2887
263 2900,2914,2893,2895,2904,2911,2897,2915,2910,2896,2912,2909,2898,2892,2908,2899,2902,2905,2894,2907,2906,2903,2901,2913
123 2924,2931,2919,2922,2921,2930,2929,2920,2933,2925,2932,2916,2927,2928,2918,2926,2917,2923
224 2945,2941,2940,2939,2937,2935,2944,2938,2934,2943,2936,2942
103 2946,2951,2961,2966,2955,2960,2956,2959,2965,2947,2968,2948,2954,2952,2964,2963,2957,2962,2950,2953,2969,2958,2967,2949
5 2970,2978,2979,2971,2976,2973,2975,2981,2977,2980,2974,2972
62 2991,2990,2998,3001,2994,2985,2983,2997,3002,2999,3004,2993,2988,2996,3005,2989,2992,2982,3003,2984,2986,2987,2995,3000
145 3035,3012,3018,3022,3031,3015,3034,3007,3029,3040,3021,3010,3024,3006,3036,3008,3028,3011,3019,3033,3041,3009,3038,3026,3027,3014,3030,3032,3037,3020,3039,3025,3017,3016,3023,3013
72 3047,3046,3044,3043,3045,3042
163 3105,3098,3101,3106,3103,3100,3065,3075,3067,3073,3072,3056,3054,3057,3077,3081,3070,3087,3091,3078,3085,3059,3089,3049,3060,3086,3099,3052,3061,3092,3090,3097,3076,3096,3055,3050,3084,3058,3053,3064,3071,3066,3088,3080,3074,3102,3093,3104,3051,3063,3107,3082,3079,3094,3095,3083,3068,3048,3062,3069
150 3108,3110,3109,3111,3112,3113
38 3114,3115,3119,3118,3117,3116
8 3123,3130,3124,3122,3126,3120,3128,3132,3135,3134,3129,3136,3131,3133,3125,3127,3121,3137
27 3143,3138,3142,3140,3139,3141
79 3146,3147,3149,3145,3144,3148
61 3152,3167,3155,3162,3181,3179,3165,3171,3176,3160,3170,3150,3173,3161,3182,3163,3156,3177,3172,3174,3159,3166,3164,3157,3184,3175,3168,3169,3183,3153,3151,3154,3158,3180,3178,3185
176 3194,3195,3189,3198,3201,3186,3200,3203,3197,3196,3188,3202,3193,3190,3192,3199,3187,3191
154 3217,3215,3214,3210,3221,3213,3206,3220,3218,3209,3212,3208,3216,3205,3204,3211,3219,3207
33 3223,3227,3226,3224,3222,3225
7 3239,3233,3232,3244,3237,3230,3240,3228,3236,3243,3229,3231,3242,3235,3245,3234,3241,3238
189 3248,3250,3247,3251,3249,3246
89 3258,3259,3277,3290,3254,3256,3275,3274,3279,3255,3286,3272,3252,3289,3266,3282,3281,3264,3287,3280,3285,3284,3276,3283,3267,3257,3265,3263,3291,3288,3278,3273,3262,3269,3253,3270,3261,3292,3268,3271,3293,3260
100 3301,3298,3304,3299,3295,3305,3296,3300,3297,3303,3302,3294
17 3311,3309,3308,3310,3306,3307
35 3316,3313,3317,3312,3314,3315
63 3318,3319,3321,3320,3322,3323
2 3346,3341,3336,3327,3326,3345,3337,3343,3335,3333,3329,3340,3342,3332,3325,3347,3344,3330,3339,3324,3334,3328,3331,3338
58 3348,3354,3358,3353,3351,3350,3355,3352,3356,3357,3359,3349
173 3369,3377,3368,3362,3363,3376,3364,3374,3365,3371,3360,3372,3366,3361,3367,3370,3375,3373
158 3381,3379,3382,3383,3380,3378
113 3402,3432,3418,3436,3423,3399,3422,3413,3424,3385,3417,3397,3400,3401,3420,3426,3421,3390,3393,3391,3434,3387,3389,3416,3419,3396,3430,3395,3403,3394,3415,3409,3435,3412,3427,3425,3414,3406,3408,3410,3388,3428,3384,3392,3398,3407,3433,3411,3404,3405,3429,3437,3431,3386
114 3439,3438,3441,3443,3442,3440
9 3453,3459,3458,3466,3464,3444,3457,3449,3460,3446,3450,3467,3455,3463,3454,3465,3445,3462,3451,3447,3456,3448,3461,3452
251 3469,3472,3468,3471,3470,3473
43 3477,3478,3479,3475,3476,3474
10 3487,3489,3488,3495,3492,3481,3486,3494,3484,3485,3496,3482,3497,3483,3480,3493,3490,3491
241 3502,3498,3500,3499,3503,3501
226 3505,3523,3511,3519,3522,3520,3512,3524,3518,3508,3526,3521,3506,3514,3510,3509,3517,3516,3527,3513,3525,3507,3504,3515
155 3538,3545,3533,3543,3557,3531,3534,3551,3544,3542,3535,3552,3530,3549,3539,3555,3554,3546,3537,3547,3529,3528,3540,3550,3536,3548,3553,3556,3532,3541
164 3563,3559,3558,3561,3562,3560
81 3575,3572,3581,3585,3573,3578,3586,3587,3566,3582,3568,3579,3576,3567,3569,3565,3580,3583,3584,3564,3570,3574,3577,3571
44 3590,3591,3588,3589,3592,3593
20 3605,3595,3597,3604,3596,3601,3600,3598,3599,3603,3594,3602
45 3614,3607,3623,3616,3617,3615,3610,3618,3620,3609,3613,3611,3621,3612,3619,3622,3608,3606
77 3659,3642,3648,3627,3643,3658,3657,3671,3647,3665,3653,3661,3633,3650,3626,3669,3628,3660,3624,3632,3630,3651,3638,3636,3644,3640,3649,3634,3664,3654,3645,3646,3637,3629,3656,3655,3670,3663,3641,3668,3652,3635,3639,3666,3667,3625,3631,3662
11 3681,3675,3679,3677,3682,3678,3676,3672,3673,3680,3683,3674
203 3693,3702,3699,3709,3687,3700,3695,3698,3691,3717,3719,3694,3715,3705,3701,3714,3712,3718,3690,3686,3713,3716,3706,3704,3708,3707,3710,3689,3697,3688,3692,3684,3703,3711,3696,3685
230 3730,3731,3727,3726,3729,3720,3723,3722,3725,3728,3721,3724
181 3739,3733,3743,3753,3755,3754,3736,3738,3751,3752,3744,3732,3742,3747,3745,3748,3741,3734,3750,3749,3746,3740,3737,3735
57 3761,3760,3756,3758,3759,3757
213 3772,3763,3767,3769,3774,3773,3777,3779,3771,3776,3765,3768,3764,3762,3775,3766,3770,3778
3 3789,3783,3784,3785,3790,3787,3786,3791,3788,3780,3782,3781
228 3794,3805,3821,3801,3813,3803,3796,3807,3792,3819,3810,3802,3795,3809,3816,3798,3808,3814,3799,3815,3818,3820,3804,3811,3817,3812,3797,3793,3800,3806
139 3825,3842,3830,3840,3843,3824,3844,3831,3829,3826,3834,3841,3838,3839,3822,3836,3832,3828,3827,3845,3833,3835,3837,3823
46 3856,3850,3878,3851,3857,3849,3874,3869,3866,3858,3862,3865,3859,3871,3875,3881,3867,3872,3861,3880,3853,3868,3860,3847,3877,3870,3863,3852,3873,3855,3846,3879,3854,3876,3848,3864
64 3923,3910,3894,3884,3890,3898,3897,3885,3925,3940,3882,3922,3903,3892,3914,3916,3889,3920,3888,3912,3913,3899,3917,3895,3901,3929,3918,3932,3883,3936,3893,3937,3921,3887,3904,3919,3927,3924,3934,3900,3915,3902,3928,3933,3939,3926,3908,3906,3886,3930,3931,3941,3907,3938,3905,3896,3909,3935,3891,3911
26 3943,3947,3942,3945,3946,3944
243 3949,3948,3953,3950,3952,3951
91 3956,3959,3957,3958,3954,3955
0 3962,3961,3964,3965,3963,3960
162 3968,3973,3979,3967,3989,3976,3969,3975,3971,3986,3978,3966,3988,3982,3981,3987,3972,3974,3984,3980,3970,3977,3983,3985
132 3990,3991,3995,4000,3999,4001,3997,3994,3992,3998,3993,3996
36 4019,4005,4018,4009,4008,4006,4024,4011,4026,4020,4030,4031,4027,4007,4015,4016,4029,4002,4010,4021,4023,4028,4012,4025,4013,4003,4022,4017,4014,4004
156 4033,4034,4035,4037,4032,4036
107 4071,4038,4040,4053,4043,4051,4079,4045,4078,4074,4056,4052,4041,4055,4048,4050,4060,4062,4049,4047,4063,4044,4077,4073,4068,4046,4076,4039,4064,4057,4042,4065,4075,4059,4054,4066,4069,4061,4058,4070,4067,4072
249 4089,4085,4083,4087,4082,4091,4080,4081,4090,4084,4088,4086
85 4098,4092,4096,4107,4104,4095,4093,4108,4099,4109,4102,4106,4105,4097,4094,4100,4103,4101
225 4127,4117,4123,4112,4114,4126,4120,4113,4115,4118,4111,4124,4110,4125,4116,4121,4119,4122
231 4133,4132,4128,4131,4129,4130
240 4136,4145,4143,4138,4140,4139,4141,4134,4144,4137,4135,4142
135 4163,4159,4179,4156,4149,4169,4152,4175,4161,4178,4168,4153,4171,4162,4170,4158,4174,4165,4154,4150,4180,4173,4160,4177,4172,4151,4167,4155,4176,4166,4181,4164,4146,4147,4157,4148
207 4186,4182,4187,4184,4185,4183
197 4195,4200,4198,4189,4192,4205,4210,4209,4208,4188,4191,4206,4207,4202,4199,4197,4193,4196,4194,4204,4203,4190,4211,4201
15 4212,4215,4214,4213,4217,4216
252 4221,4229,4220,4219,4232,4234,4225,4233,4228,4223,4231,4235,4218,4230,4222,4226,4227,4224
185 4236,4247,4237,4241,4240,4245,4238,4243,4242,4244,4239,4246
6 4262,4253,4261,4266,4265,4249,4255,4264,4258,4254,4248,4257,4268,4271,4260,4267,4263,4250,4256,4252,4270,4251,4259,4269
161 4289,4285,4308,4272,4306,4309,4293,4282,4307,4273,4283,4296,4299,4305,4280,4297,4274,4298,4318,4314,4278,4317,4284,4315,4288,4292,4276,4294,4319,4312,4291,4302,4303,4295,4287,4286,4277,4290,4281,4275,4304,4279,4316,4311,4310,4301,4313,4300
218 4325,4329,4331,4328,4321,4324,4322,4320,4326,4330,4327,4323
136 4341,4336,4337,4332,4334,4339,4333,4338,4335,4343,4342,4340
94 4350,4347,4345,4351,4346,4353,4344,4355,4349,4348,4352,4354
37 4396,4357,4363,4378,4394,4358,4384,4392,4383,4397,4391,4375,4399,4369,4381,4365,4359,4387,4372,4362,4368,4376,4364,4379,4377,4389,4390,4356,4395,4380,4366,4386,4371,4393,4361,4402,4367,4388,4382,4401,4385,4374,4373,4400,4403,4398,4370,4360
149 4450,4454,4417,4434,4453,4411,4423,4435,4409,4442,4412,4462,4437,4426,4429,4410,4460,4447,4464,4459,4446,4449,4468,4463,4427,4433,4452,4404,4458,4425,4428,4436,4419,4455,4420,4407,4406,4445,4444,4457,4451,4408,4441,4430,4414,4443,4424,4418,4432,4440,4413,4405,4439,4438,4456,4415,4416,4467,4422,4465,4469,4466,4448,4431,4421,4461
13 4475,4471,4472,4473,4470,4474
39 4478,4476,4477,4480,4481,4479
