234 5,4,2,9,3,1,0,11,10,8,7,6
1 34,40,27,32,24,16,30,13,25,21,17,26,33,29,19,15,20,36,22,31,35,14,12,18,41,38,23,28,37,39
4 48,47,42,50,43,52,45,49,46,53,51,44
16 56,65,61,60,55,54,63,58,64,59,62,57
18 76,75,91,108,66,94,93,71,82,83,70,78,97,111,88,100,87,110,104,106,102,98,84,103,80,85,69,81,107,74,109,92,101,96,99,73,68,79,67,90,113,89,72,112,86,77,95,105
19 122,121,116,118,114,120,117,123,115,119,124,125
21 153,138,157,128,161,158,160,152,136,129,127,155,146,147,149,142,137,154,156,150,141,126,148,159,131,135,145,151,144,134,139,133,143,140,132,130
23 163,174,167,170,178,176,164,168,166,162,171,175,179,165,177,172,169,173
24 185,181,188,187,182,186,184,183,180,191,189,190
25 203,202,194,201,197,198,199,192,196,193,200,195
28 208,212,210,206,209,207,218,216,215,219,214,205,211,213,217,204,220,221
30 238,236,226,233,237,223,230,239,234,232,222,225,235,231,224,227,228,229
31 257,256,251,248,243,250,244,252,246,241,255,247,242,249,254,240,253,245
32 262,273,258,259,260,264,278,275,266,276,261,277,270,281,267,265,263,272,274,269,271,279,280,268
216 299,296,302,297,300,290,312,283,320,316,308,310,285,315,291,286,309,292,314,306,323,307,294,311,282,313,289,319,287,322,301,298,303,293,295,284,318,321,317,304,288,305
34 331,374,360,368,340,371,363,373,369,345,362,341,342,358,335,367,350,332,353,356,324,364,329,330,347,343,325,366,333,354,334,357,336,348,352,339,326,377,375,365,349,327,355,351,328,361,372,346,337,344,370,359,338,376
40 385,391,384,381,382,379,392,387,380,383,378,390,395,386,388,394,389,393
41 411,397,399,396,409,412,408,398,407,401,403,402,404,410,400,405,413,406
42 417,425,426,422,420,429,431,416,414,423,428,415,427,421,419,430,424,418
199 437,433,436,435,432,434
160 441,456,457,451,462,450,439,458,448,449,459,446,452,472,444,454,464,442,463,438,466,470,443,440,467,465,473,460,461,468,455,471,447,453,445,469
47 486,494,485,475,488,502,514,509,517,482,519,520,518,497,505,501,481,493,495,513,492,510,476,504,508,498,500,511,503,496,515,480,521,474,478,477,484,499,491,490,479,512,489,516,487,483,507,506
78 532,530,534,550,526,529,535,551,544,539,548,547,542,541,524,540,549,522,543,545,546,536,533,537,538,525,527,531,528,523
48 558,562,553,554,555,563,556,557,559,552,561,560
53 573,569,575,564,568,567,572,570,571,566,565,574
250 591,577,584,581,586,585,583,589,579,590,576,578,587,588,593,582,580,592
49 596,595,597,598,600,603,599,605,604,602,601,594
257 609,606,610,607,611,608
22 619,618,622,612,617,615,620,623,614,613,621,616
67 640,633,626,636,637,634,649,646,644,632,655,659,645,624,639,631,648,643,647,635,628,653,629,650,656,658,652,630,657,642,627,625,638,654,641,651
68 693,663,692,667,665,680,675,678,683,672,664,689,679,681,670,677,661,674,669,686,662,684,688,690,668,671,666,676,695,687,685,682,673,691,660,694
69 700,703,701,707,699,696,705,706,704,697,702,698
71 710,722,711,725,712,715,709,714,721,719,713,718,716,723,708,724,717,720
74 728,734,731,735,732,727,736,733,729,730,737,726
75 741,774,766,761,771,755,765,776,769,763,797,751,740,789,758,748,796,777,784,778,785,782,788,795,754,772,746,764,775,781,743,790,787,747,742,745,793,760,753,783,759,757,786,770,756,744,752,768,792,762,739,780,773,794,749,750,767,779,738,791
76 803,798,799,800,801,802
159 812,809,808,807,805,804,810,811,813,814,806,815
80 889,853,902,904,829,908,836,854,876,843,835,891,847,898,817,884,873,821,838,828,823,834,827,893,826,895,867,845,894,818,909,824,886,819,852,869,899,848,849,859,840,905,850,870,887,878,874,906,882,816,864,831,858,879,856,871,863,833,842,883,868,846,861,907,851,825,872,892,896,844,857,822,911,888,903,832,897,862,820,855,901,841,830,860,839,890,910,837,875,866,885,877,880,881,865,900
82 913,919,926,912,920,921,927,922,917,924,915,923,916,914,929,918,925,928
83 959,937,969,950,952,942,953,951,935,956,967,954,948,932,946,943,970,974,947,975,930,936,962,940,976,977,957,933,966,968,964,965,960,971,973,938,931,945,958,941,934,944,972,939,963,949,961,955
84 980,982,978,981,979,983
87 1012,1004,984,1006,1000,1010,999,998,996,994,995,990,988,1011,991,997,1009,1005,986,1008,1002,1003,1001,985,989,1013,993,987,1007,992
88 1018,1015,1017,1019,1016,1014
90 1029,1024,1021,1023,1022,1020,1030,1028,1031,1027,1025,1026
92 1034,1036,1042,1035,1039,1040,1041,1032,1033,1038,1043,1037
96 1054,1046,1045,1047,1055,1049,1050,1053,1044,1052,1051,1048
98 1065,1066,1062,1060,1056,1057,1061,1063,1067,1058,1064,1059
97 1077,1083,1071,1076,1080,1074,1082,1081,1075,1084,1079,1069,1085,1078,1070,1072,1073,1068
102 1091,1087,1090,1088,1089,1086
190 1094,1093,1097,1095,1092,1096
105 1105,1102,1098,1099,1103,1108,1106,1101,1100,1109,1107,1104
50 1114,1112,1115,1110,1113,1111
106 1119,1117,1116,1118,1120,1121
108 1126,1128,1140,1145,1151,1131,1130,1149,1139,1148,1129,1146,1144,1138,1143,1125,1122,1124,1150,1133,1147,1141,1142,1132,1136,1127,1135,1123,1134,1137
112 1161,1157,1158,1163,1156,1155,1162,1154,1152,1159,1153,1160
119 1182,1172,1184,1176,1183,1173,1179,1187,1165,1170,1177,1180,1167,1164,1168,1178,1175,1171,1169,1185,1174,1166,1186,1181
120 1196,1189,1191,1188,1194,1199,1192,1195,1193,1190,1198,1197
121 1201,1203,1217,1213,1223,1208,1218,1225,1200,1220,1214,1212,1221,1222,1216,1226,1227,1224,1210,1215,1209,1206,1205,1229,1228,1219,1207,1211,1202,1204
122 1237,1232,1268,1234,1284,1252,1285,1269,1292,1230,1279,1236,1287,1276,1278,1283,1294,1267,1261,1289,1270,1235,1245,1281,1243,1238,1255,1277,1274,1253,1273,1239,1272,1242,1282,1231,1275,1286,1244,1259,1257,1264,1251,1265,1290,1280,1295,1260,1256,1271,1246,1241,1249,1240,1266,1293,1263,1291,1248,1233,1258,1250,1254,1288,1247,1262
65 1302,1300,1309,1299,1305,1301,1310,1297,1298,1296,1303,1306,1304,1313,1308,1307,1312,1311
124 1316,1317,1319,1314,1315,1318
125 1325,1322,1321,1320,1323,1324
115 1326,1328,1330,1331,1327,1329
126 1334,1333,1335,1336,1332,1337
128 1345,1351,1346,1349,1343,1338,1342,1339,1344,1340,1348,1355,1347,1352,1341,1354,1350,1353
131 1438,1456,1424,1365,1448,1406,1457,1362,1471,1387,1453,1360,1428,1373,1430,1462,1399,1414,1415,1405,1390,1437,1444,1363,1408,1460,1369,1397,1427,1451,1364,1423,1389,1429,1377,1417,1356,1435,1463,1393,1426,1386,1378,1383,1366,1470,1357,1372,1465,1379,1425,1469,1403,1404,1382,1431,1445,1361,1472,1468,1461,1359,1391,1401,1368,1384,1452,1370,1475,1375,1396,1436,1458,1421,1418,1411,1412,1381,1413,1464,1450,1394,1398,1422,1395,1420,1459,1433,1374,1410,1442,1443,1441,1407,1416,1392,1358,1419,1432,1400,1474,1439,1455,1380,1371,1388,1440,1434,1473,1447,1376,1449,1385,1409,1446,1466,1367,1454,1467,1402
129 1478,1477,1479,1481,1480,1476
130 1486,1487,1484,1483,1485,1482
134 1489,1491,1488,1499,1493,1496,1490,1492,1497,1494,1495,1498
138 1500,1501,1504,1505,1502,1503
142 1527,1520,1511,1521,1512,1508,1525,1510,1526,1507,1509,1522,1519,1528,1515,1513,1517,1524,1518,1516,1514,1523,1529,1506
144 1531,1533,1532,1535,1534,1530
60 1541,1555,1553,1567,1561,1577,1564,1572,1568,1556,1548,1566,1543,1540,1560,1576,1575,1551,1571,1559,1546,1538,1537,1552,1562,1563,1557,1539,1558,1550,1554,1573,1547,1542,1569,1570,1549,1544,1574,1536,1565,1545
146 1582,1595,1578,1592,1579,1591,1584,1594,1589,1587,1583,1588,1586,1580,1593,1585,1581,1590
147 1605,1596,1604,1602,1600,1601,1597,1598,1608,1611,1609,1612,1603,1606,1607,1613,1599,1610
148 1618,1616,1614,1619,1617,1615
151 1623,1629,1620,1626,1627,1624,1628,1630,1622,1631,1621,1625
152 1660,1661,1641,1652,1666,1656,1643,1665,1647,1635,1650,1648,1638,1646,1642,1633,1667,1654,1640,1632,1659,1653,1639,1636,1645,1663,1662,1657,1649,1655,1658,1651,1637,1634,1644,1664
153 1678,1697,1691,1668,1685,1693,1694,1687,1695,1674,1696,1679,1669,1683,1682,1677,1672,1689,1671,1688,1675,1680,1673,1690,1681,1692,1676,1684,1670,1686
165 1709,1710,1705,1698,1713,1707,1711,1703,1706,1701,1702,1700,1704,1715,1714,1712,1708,1699
167 1719,1720,1721,1718,1716,1717
168 1733,1724,1722,1725,1731,1728,1723,1726,1732,1729,1730,1727
169 1747,1745,1749,1758,1765,1748,1753,1743,1767,1742,1766,1736,1754,1764,1741,1751,1737,1735,1752,1760,1763,1756,1759,1738,1746,1744,1757,1762,1734,1768,1750,1740,1761,1755,1739,1769
171 1771,1779,1776,1777,1778,1774,1780,1772,1775,1781,1770,1773
172 1782,1783,1784,1787,1786,1785
175 1823,1799,1795,1820,1801,1816,1819,1800,1798,1821,1817,1792,1809,1824,1805,1791,1834,1813,1808,1830,1804,1822,1807,1832,1797,1827,1794,1815,1793,1810,1789,1835,1831,1790,1829,1811,1818,1814,1802,1803,1806,1828,1796,1825,1788,1826,1812,1833
177 1860,1850,1865,1846,1838,1864,1853,1851,1839,1837,1849,1854,1841,1842,1844,1840,1845,1857,1856,1843,1847,1861,1852,1848,1855,1862,1859,1836,1863,1858
178 1882,1876,1866,1874,1883,1871,1880,1867,1870,1875,1868,1869,1877,1873,1881,1878,1879,1872
179 1886,1884,1888,1889,1885,1887
182 1893,1895,1894,1890,1892,1891
183 1896,1899,1900,1903,1902,1897,1907,1904,1898,1906,1901,1905
73 1910,1923,1915,1913,1916,1919,1917,1920,1922,1909,1914,1918,1908,1921,1911,1912,1924,1925
184 1937,1930,1929,1935,1932,1933,1927,1936,1928,1926,1931,1934
186 1945,1952,1958,1946,1959,1948,1951,1955,1939,1960,1953,1956,1942,1950,1949,1944,1938,1941,1954,1961,1957,1943,1947,1940
187 1967,1963,1982,1997,1970,1962,1984,1975,1977,1986,1990,1973,1991,1978,1966,1981,1994,1968,1969,1987,1988,1983,1996,1980,1979,1992,1971,1976,1974,1965,1995,1989,1993,1985,1972,1964
255 2001,1998,2005,2003,2008,2000,2007,2009,2004,1999,2002,2006
188 2028,2021,2014,2023,2025,2017,2019,2012,2026,2027,2030,2016,2020,2031,2024,2022,2018,2015,2013,2033,2029,2010,2032,2011
109 2038,2056,2041,2044,2058,2053,2042,2052,2034,2062,2040,2060,2037,2051,2036,2048,2050,2045,2057,2035,2063,2059,2061,2046,2039,2049,2043,2055,2047,2054
191 2078,2080,2068,2066,2090,2089,2091,2093,2069,2079,2070,2077,2075,2084,2086,2087,2073,2083,2081,2074,2065,2092,2088,2064,2072,2085,2067,2076,2071,2082
193 2095,2098,2102,2099,2104,2101,2100,2094,2105,2103,2097,2096
194 2109,2112,2126,2125,2116,2117,2128,2118,2107,2129,2123,2113,2108,2110,2124,2114,2119,2111,2121,2127,2120,2106,2122,2115
196 2143,2148,2133,2152,2138,2149,2139,2144,2155,2153,2146,2132,2151,2141,2142,2131,2156,2157,2159,2147,2150,2136,2134,2137,2158,2130,2135,2154,2145,2140
198 2188,2223,2165,2227,2210,2202,2216,2218,2240,2197,2212,2179,2162,2194,2205,2166,2199,2160,2224,2190,2203,2192,2233,2217,2181,2220,2234,2235,2164,2169,2222,2200,2175,2184,2213,2167,2239,2196,2215,2230,2226,2208,2209,2183,2242,2236,2243,2185,2170,2206,2193,2207,2191,2168,2221,2189,2241,2176,2201,2204,2182,2161,2177,2171,2174,2225,2232,2228,2214,2180,2195,2219,2173,2163,2172,2186,2198,2178,2231,2238,2211,2237,2187,2229
200 2244,2249,2250,2246,2251,2253,2252,2248,2255,2245,2247,2254
201 2281,2272,2274,2277,2284,2279,2259,2262,2260,2283,2282,2265,2276,2271,2269,2257,2268,2275,2267,2261,2270,2258,2285,2264,2263,2280,2278,2266,2256,2273
202 2291,2304,2292,2293,2288,2313,2300,2294,2310,2297,2296,2290,2312,2309,2303,2295,2302,2314,2315,2298,2286,2308,2305,2299,2287,2311,2301,2306,2289,2307
204 2320,2317,2319,2316,2321,2318
206 2331,2337,2340,2323,2322,2339,2329,2327,2330,2338,2326,2342,2328,2343,2334,2333,2345,2325,2332,2335,2336,2341,2324,2344
208 2347,2357,2351,2352,2353,2348,2346,2358,2361,2355,2360,2362,2365,2369,2356,2367,2349,2350,2354,2366,2364,2363,2359,2368
245 2376,2386,2385,2380,2370,2387,2381,2383,2382,2375,2372,2377,2374,2371,2379,2373,2378,2384
209 2394,2390,2399,2391,2393,2396,2397,2395,2398,2392,2388,2389
210 2419,2421,2422,2423,2408,2400,2409,2415,2401,2405,2414,2403,2416,2413,2404,2402,2410,2420,2417,2407,2412,2411,2418,2406
214 2464,2438,2439,2461,2437,2442,2445,2424,2449,2436,2443,2456,2428,2430,2452,2450,2462,2448,2460,2447,2440,2455,2444,2453,2426,2427,2465,2425,2457,2431,2432,2451,2429,2463,2454,2458,2433,2446,2441,2435,2434,2459
215 2471,2467,2466,2470,2469,2468
217 2473,2476,2474,2475,2477,2472
219 2487,2492,2482,2484,2493,2485,2483,2478,2488,2486,2495,2481,2490,2489,2494,2479,2491,2480
221 2509,2502,2503,2512,2506,2498,2513,2497,2499,2505,2504,2501,2508,2511,2500,2496,2510,2507
222 2545,2548,2563,2561,2549,2527,2553,2566,2551,2547,2519,2538,2571,2529,2554,2559,2515,2526,2544,2564,2518,2514,2555,2517,2540,2532,2534,2523,2530,2535,2521,2543,2539,2558,2516,2524,2570,2542,2531,2541,2520,2546,2556,2569,2573,2562,2537,2550,2567,2522,2568,2525,2572,2557,2533,2552,2528,2565,2536,2560
223 2574,2586,2587,2589,2588,2582,2583,2578,2584,2576,2579,2580,2581,2590,2591,2575,2577,2585
227 2599,2598,2603,2596,2602,2601,2600,2593,2595,2608,2604,2592,2594,2605,2609,2607,2606,2597
229 2612,2611,2614,2610,2613,2615
232 2625,2627,2626,2632,2621,2623,2617,2633,2624,2630,2629,2619,2618,2628,2631,2620,2616,2622
235 2635,2634,2636,2639,2638,2637
236 2642,2645,2644,2641,2643,2640
110 2649,2646,2650,2647,2648,2651
239 2660,2674,2694,2687,2657,2683,2678,2688,2691,2693,2697,2690,2685,2699,2666,2679,2671,2659,2672,2681,2656,2695,2663,2669,2676,2653,2680,2684,2696,2692,2658,2682,2698,2677,2668,2655,2670,2661,2654,2664,2686,2675,2689,2665,2662,2667,2673,2652
55 2714,2728,2724,2716,2729,2726,2740,2739,2723,2721,2720,2706,2732,2717,2727,2704,2712,2703,2715,2733,2744,2713,2722,2708,2743,2737,2705,2731,2710,2700,2730,2735,2741,2738,2719,2718,2709,2711,2742,2746,2707,2734,2702,2725,2745,2701,2736,2747
246 2753,2748,2749,2751,2752,2750
248 2759,2768,2765,2755,2766,2758,2760,2769,2761,2762,2771,2754,2763,2756,2764,2770,2767,2757
253 2774,2780,2782,2773,2775,2777,2781,2778,2772,2776,2783,2779
254 2788,2786,2789,2784,2787,2785
256 2794,2800,2801,2798,2791,2790,2799,2795,2793,2796,2797,2792
258 2809,2826,2812,2816,2804,2810,2835,2819,2841,2815,2803,2805,2817,2840,2832,2831,2822,2823,2839,2830,2843,2848,2844,2813,2814,2818,2808,2827,2807,2846,2845,2806,2829,2842,2837,2833,2849,2824,2811,2820,2802,2838,2821,2847,2834,2828,2825,2836
259 2853,2858,2856,2851,2850,2852,2859,2855,2854,2861,2860,2857
260 2865,2864,2872,2879,2869,2875,2862,2863,2866,2868,2877,2878,2870,2867,2871,2876,2874,2873
262 2884,2880,2882,2888,2881,2886,2885,2889,2891,2887,2883,2890
263 2900,2914,2897,2899,2911,2905,2915,2894,2904,2893,2895,2909,2892,2903,2912,2902,2896,2908,2898,2907,2913,2901,2910,2906
123 2924,2921,2929,2931,2932,2930,2933,2920,2922,2918,2925,2919,2928,2923,2927,2916,2917,2926
224 2940,2941,2934,2939,2945,2937,2944,2935,2942,2943,2938,2936
103 2956,2964,2961,2962,2951,2954,2952,2946,2958,2969,2948,2966,2957,2947,2959,2965,2955,2949,2968,2963,2967,2950,2960,2953
5 2970,2977,2974,2975,2976,2979,2971,2978,2973,2981,2980,2972
62 2998,2996,3002,2991,2988,3001,2999,2982,2990,2992,2985,3005,2983,2994,3004,2993,2997,2986,3003,2989,2995,2984,2987,3000
145 3034,3010,3012,3024,3040,3022,3035,3006,3021,3036,3027,3007,3038,3009,3018,3028,3029,3031,3011,3023,3015,3032,3019,3037,3025,3041,3026,3008,3013,3033,3014,3020,3030,3017,3039,3016
72 3046,3047,3044,3045,3043,3042
163 3101,3057,3091,3061,3106,3087,3065,3103,3077,3072,3092,3098,3049,3081,3105,3093,3058,3075,3050,3076,3090,3100,3086,3052,3066,3055,3070,3059,3088,3054,3048,3089,3102,3056,3085,3099,3084,3073,3064,3067,3079,3051,3078,3082,3107,3097,3063,3071,3053,3080,3104,3069,3096,3074,3095,3068,3060,3062,3083,3094
150 3110,3109,3108,3112,3113,3111
38 3114,3116,3119,3115,3117,3118
8 3130,3125,3124,3132,3126,3123,3128,3135,3134,3122,3120,3127,3131,3136,3129,3133,3137,3121
27 3143,3140,3142,3139,3138,3141
79 3147,3148,3146,3144,3149,3145
61 3167,3152,3170,3155,3181,3168,3165,3150,3157,3174,3160,3184,3161,3164,3173,3171,3156,3162,3176,3179,3182,3172,3175,3177,3185,3166,3159,3163,3154,3151,3178,3169,3183,3153,3158,3180
176 3195,3196,3202,3186,3194,3201,3198,3197,3189,3199,3200,3187,3203,3193,3190,3188,3192,3191
154 3217,3210,3209,3214,3215,3211,3220,3213,3206,3208,3212,3205,3221,3204,3218,3216,3219,3207
33 3223,3222,3224,3227,3226,3225
7 3239,3240,3237,3233,3241,3232,3244,3242,3229,3234,3236,3230,3231,3235,3245,3228,3243,3238
189 3248,3250,3249,3247,3251,3246
89 3279,3277,3272,3259,3276,3258,3265,3266,3274,3269,3252,3256,3283,3275,3290,3289,3254,3263,3291,3264,3257,3285,3286,3284,3280,3281,3282,3273,3255,3270,3271,3253,3278,3267,3268,3262,3293,3288,3287,3261,3260,3292
100 3299,3301,3295,3298,3304,3297,3300,3294,3302,3303,3305,3296
17 3308,3309,3311,3306,3307,3310
35 3316,3317,3313,3312,3314,3315
63 3319,3318,3321,3323,3320,3322
2 3346,3327,3341,3345,3337,3344,3336,3339,3324,3326,3347,3340,3343,3328,3335,3333,3325,3342,3330,3329,3331,3332,3338,3334
58 3348,3350,3354,3356,3355,3352,3359,3351,3353,3357,3358,3349
173 3369,3363,3365,3362,3377,3371,3364,3374,3360,3368,3372,3370,3375,3361,3376,3367,3366,3373
158 3379,3381,3382,3378,3383,3380
113 3402,3397,3385,3390,3423,3432,3419,3421,3426,3418,3393,3391,3433,3399,3436,3387,3434,3400,3420,3394,3401,3409,3422,3403,3414,3417,3424,3413,3416,3412,3398,3435,3395,3404,3410,3425,3429,3384,3437,3411,3430,3431,3406,3408,3389,3396,3407,3427,3392,3388,3415,3405,3386,3428
114 3438,3442,3441,3439,3443,3440
9 3459,3444,3449,3464,3467,3446,3458,3460,3445,3465,3450,3466,3453,3447,3454,3455,3457,3463,3451,3452,3462,3461,3448,3456
251 3469,3471,3472,3468,3470,3473
43 3477,3475,3478,3479,3476,3474
10 3495,3484,3489,3485,3492,3487,3488,3496,3481,3494,3486,3482,3480,3497,3493,3490,3483,3491
241 3499,3502,3500,3498,3501,3503
226 3524,3506,3517,3516,3520,3505,3521,3511,3523,3509,3513,3519,3514,3527,3526,3508,3518,3510,3504,3522,3512,3507,3515,3525
155 3538,3545,3544,3552,3528,3537,3547,3529,3533,3555,3557,3543,3530,3531,3542,3546,3554,3540,3534,3539,3535,3551,3550,3549,3553,3541,3556,3532,3548,3536
164 3562,3563,3558,3561,3560,3559
81 3578,3581,3583,3575,3566,3565,3586,3585,3587,3572,3567,3568,3582,3576,3573,3579,3570,3574,3577,3580,3569,3571,3584,3564
44 3590,3591,3588,3593,3589,3592
20 3605,3596,3604,3598,3595,3597,3600,3599,3603,3602,3594,3601
45 3618,3614,3607,3621,3620,3617,3619,3610,3616,3623,3611,3615,3613,3609,3622,3612,3606,3608
77 3659,3671,3637,3626,3658,3648,3650,3653,3628,3642,3643,3660,3630,3647,3645,3664,3661,3636,3656,3638,3641,3624,3657,3646,3649,3627,3670,3632,3665,3663,3644,3669,3639,3652,3634,3625,3654,3651,3655,3629,3633,3635,3640,3667,3631,3666,3668,3662
11 3681,3675,3678,3679,3682,3683,3672,3677,3680,3673,3676,3674
203 3702,3695,3693,3699,3714,3709,3691,3688,3701,3719,3715,3698,3687,3705,3708,3713,3700,3685,3686,3707,3718,3716,3712,3694,3697,3710,3696,3692,3706,3690,3717,3704,3684,3689,3703,3711
230 3730,3720,3728,3727,3729,3731,3726,3725,3723,3722,3724,3721
181 3733,3739,3754,3748,3744,3738,3742,3736,3743,3752,3753,3746,3732,3734,3755,3749,3750,3751,3741,3747,3737,3745,3735,3740
57 3761,3759,3760,3758,3756,3757
213 3772,3763,3767,3774,3779,3773,3765,3776,3764,3769,3770,3771,3768,3775,3762,3777,3778,3766
3 3787,3790,3789,3785,3783,3784,3786,3791,3780,3781,3788,3782
228 3805,3809,3795,3808,3802,3801,3807,3821,3810,3820,3817,3804,3794,3796,3814,3792,3813,3798,3803,3811,3819,3815,3818,3816,3812,3799,3797,3793,3800,3806
139 3843,3842,3825,3822,3830,3844,3824,3840,3831,3829,3838,3839,3836,3841,3832,3826,3837,3833,3828,3827,3845,3834,3835,3823
46 3862,3856,3857,3878,3875,3846,3868,3859,3850,3853,3870,3860,3858,3881,3863,3877,3874,3872,3880,3849,3866,3851,3861,3871,3869,3867,3873,3865,3876,3864,3852,3879,3855,3847,3854,3848
64 3910,3884,3901,3882,3913,3917,3890,3912,3898,3925,3888,3923,3899,3919,3936,3889,3894,3893,3941,3903,3916,3933,3926,3924,3921,3897,3920,3940,3895,3914,3918,3883,3885,3892,3900,3915,3922,3930,3934,3887,3905,3906,3907,3935,3937,3927,3929,3891,3904,3931,3928,3909,3886,3932,3938,3902,3908,3939,3896,3911
26 3943,3942,3946,3945,3947,3944
243 3949,3953,3951,3948,3950,3952
91 3956,3955,3957,3954,3958,3959
0 3964,3961,3962,3960,3963,3965
162 3973,3966,3979,3971,3967,3981,3986,3982,3969,3975,3984,3968,3976,3988,3989,3972,3977,3970,3987,3978,3974,3983,3980,3985
132 3990,4001,4000,3995,3991,3998,3997,3993,3999,3994,3992,3996
36 4015,4019,4016,4006,4026,4010,4020,4024,4018,4028,4008,4031,4021,4002,4029,4009,4023,4005,4011,4007,4013,4012,4030,4027,4022,4025,4003,4014,4017,4004
156 4033,4034,4036,4037,4035,4032
107 4050,4077,4039,4071,4073,4045,4053,4049,4056,4063,4074,4047,4046,4043,4041,4057,4052,4042,4069,4051,4075,4040,4060,4079,4054,4038,4062,4067,4078,4044,4058,4055,4070,4068,4064,4076,4065,4066,4048,4059,4061,4072
249 4089,4081,4080,4087,4085,4083,4090,4084,4091,4082,4088,4086
85 4108,4109,4098,4095,4092,4097,4107,4106,4096,4093,4099,4102,4104,4105,4094,4100,4101,4103
225 4117,4127,4126,4114,4119,4112,4118,4120,4115,4110,4116,4111,4124,4113,4125,4123,4121,4122
231 4128,4132,4129,4133,4130,4131
240 4136,4143,4144,4140,4142,4141,4138,4139,4137,4145,4134,4135
135 4159,4152,4171,4165,4179,4163,4153,4162,4160,4169,4158,4150,4174,4164,4173,4177,4178,4154,4168,4151,4170,4156,4175,4149,4161,4176,4172,4167,4147,4155,4148,4166,4181,4180,4157,4146
207 4182,4187,4185,4184,4186,4183
197 4200,4188,4189,4209,4195,4198,4208,4210,4205,4197,4207,4191,4204,4199,4192,4193,4202,4211,4196,4194,4206,4201,4190,4203
15 4215,4214,4213,4212,4217,4216
252 4233,4219,4220,4221,4223,4218,4232,4229,4222,4231,4228,4234,4226,4230,4225,4235,4227,4224
185 4236,4241,4237,4244,4247,4240,4242,4238,4243,4239,4245,4246
6 4262,4253,4261,4265,4249,4256,4266,4258,4264,4259,4255,4248,4267,4254,4263,4257,4252,4250,4260,4268,4271,4270,4251,4269
161 4274,4289,4273,4292,4307,4280,4293,4285,4283,4305,4297,4272,4309,4282,4303,4281,4306,4315,4298,4288,4308,4296,4294,4318,4312,4317,4290,4299,4286,4301,4278,4291,4319,4300,4314,4295,4284,4279,4311,4276,4287,4310,4302,4304,4275,4277,4316,4313
218 4329,4328,4325,4320,4321,4331,4323,4326,4324,4327,4322,4330
136 4341,4336,4332,4335,4343,4333,4342,4337,4334,4338,4340,4339
94 4347,4345,4353,4349,4348,4351,4350,4344,4346,4352,4354,4355
37 4363,4381,4376,4378,4368,4362,4396,4394,4372,4366,4384,4359,4357,4387,4369,4364,4389,4390,4392,4356,4379,4383,4385,4382,4400,4386,4375,4399,4358,4365,4402,4388,4391,4361,4367,4397,4377,4393,4373,4395,4380,4371,4398,4403,4370,4374,4401,4360
149 4454,4446,4426,4451,4417,4423,4464,4449,4447,4444,4450,4433,4460,4452,4412,4457,4414,4420,4434,4436,4407,4465,4404,4430,4437,4459,4411,4432,4415,4409,4442,4455,4467,4440,4429,4435,4410,4462,4453,4418,4413,4405,4422,4419,4468,4428,4445,4458,4427,4463,4406,4466,4441,4408,4425,4439,4443,4461,4438,4424,4416,4456,4448,4469,4421,4431
13 4472,4475,4470,4471,4473,4474
39 4476,4477,4478,4481,4480,4479
