234 11,5,3,2,1,4,9,10,7,0,8,6
1 27,24,22,34,19,25,32,17,26,13,21,30,16,40,20,31,36,15,33,18,35,14,29,23,12,38,28,39,41,37
4 48,42,47,44,46,50,43,52,51,53,49,45
16 56,65,63,64,58,61,54,55,60,59,57,62
18 66,83,91,96,107,97,76,70,106,103,99,90,100,84,113,98,68,72,80,92,71,94,108,82,78,102,75,110,85,69,79,104,87,93,74,88,89,111,101,109,81,95,67,86,73,112,77,105
19 115,118,114,124,121,120,123,116,122,117,119,125
21 146,159,153,161,143,157,149,151,147,156,129,137,128,136,160,158,150,135,132,138,155,145,152,144,126,127,148,141,133,140,142,139,154,131,134,130
23 174,176,175,164,170,163,162,167,168,166,178,179,172,177,165,169,171,173
24 187,188,182,186,184,180,189,183,181,185,191,190
25 194,199,202,197,203,201,192,193,200,195,198,196
28 217,215,209,216,207,220,212,206,218,208,210,219,205,213,211,214,204,221
30 237,233,226,236,238,230,222,234,223,232,227,239,235,225,224,231,229,228
31 257,252,248,247,249,256,241,251,245,250,246,242,243,244,240,255,254,253
32 270,259,262,273,267,276,275,266,261,264,277,265,258,278,274,281,263,260,272,269,271,279,268,280
216 290,283,296,309,312,302,299,301,292,323,300,294,315,316,286,297,293,291,318,311,307,320,282,310,306,298,285,313,317,289,304,319,287,314,308,321,322,295,288,284,303,305
34 331,358,373,374,364,349,367,352,333,360,342,336,353,369,324,377,341,371,375,355,340,348,361,363,350,357,335,366,343,334,346,326,330,362,368,365,354,332,329,347,339,345,356,359,325,328,351,337,372,344,338,327,370,376
40 382,380,395,392,379,384,387,381,383,378,385,391,390,389,388,394,386,393
41 400,402,396,409,408,404,403,412,401,399,397,407,410,398,411,406,413,405
42 417,424,414,430,426,419,422,423,428,416,421,425,431,429,420,415,427,418
199 436,433,437,434,435,432
160 450,441,470,461,439,454,452,463,457,445,448,473,440,456,444,458,438,449,462,443,472,471,465,464,460,468,442,466,451,446,459,467,453,455,447,469
47 475,503,486,485,477,495,511,474,498,482,497,499,509,505,514,513,502,504,519,492,494,501,490,480,481,500,515,484,478,521,508,520,488,493,510,479,517,518,491,483,476,507,496,487,489,506,512,516
78 524,546,541,549,537,547,532,544,529,526,542,543,539,550,545,530,534,536,535,522,540,525,533,527,538,548,551,531,528,523
48 558,552,553,561,555,556,559,563,562,557,554,560
53 569,572,571,564,568,570,573,575,567,566,574,565
250 591,586,576,589,579,581,583,587,584,577,578,590,585,588,582,580,592,593
49 596,598,603,600,595,604,605,597,601,594,602,599
257 609,610,611,606,607,608
22 618,620,613,623,612,617,615,619,622,616,614,621
67 639,633,659,637,640,626,645,634,630,650,632,655,649,628,631,635,629,644,646,658,636,624,627,643,653,648,652,642,647,638,656,657,651,625,654,641
68 663,693,680,684,668,692,686,678,674,688,679,669,672,677,689,682,664,681,666,687,671,665,661,670,667,695,683,660,662,676,691,675,685,690,673,694
69 703,704,701,705,700,699,706,707,698,696,702,697
71 714,708,725,716,721,715,711,710,713,718,719,709,722,712,724,723,720,717
74 728,734,727,732,736,731,735,733,730,729,726,737
75 758,774,765,759,755,741,778,781,777,793,742,753,770,776,761,784,743,760,751,740,786,796,795,797,745,763,792,783,780,771,746,754,772,766,790,785,752,744,757,747,769,749,782,775,762,756,748,789,787,768,788,764,773,794,739,767,738,750,779,791
76 799,801,800,803,798,802
159 814,810,807,809,806,813,812,808,805,811,804,815
80 831,902,896,882,909,843,840,821,894,854,903,887,822,828,816,897,904,830,829,827,842,853,848,858,884,852,823,861,859,868,841,851,826,845,908,906,911,867,889,898,910,893,834,824,871,891,850,888,839,873,874,833,895,835,836,849,869,825,863,879,846,876,875,878,881,862,886,892,872,818,883,847,838,844,860,890,857,905,885,870,907,817,864,899,855,832,819,856,900,901,880,820,866,837,865,877
82 919,924,914,916,921,912,915,913,922,926,920,917,929,927,923,918,925,928
83 969,962,937,960,975,938,948,959,967,945,976,936,953,956,933,970,942,974,947,930,950,966,944,952,973,977,957,965,943,932,951,946,940,972,935,949,968,954,931,934,971,964,963,961,939,941,958,955
84 982,980,981,978,983,979
87 1000,1005,986,1012,1004,984,1006,1009,999,1010,991,1002,1011,995,990,998,994,996,1008,988,985,987,1003,1001,997,989,1013,992,1007,993
88 1015,1018,1017,1019,1016,1014
90 1028,1031,1020,1024,1030,1027,1029,1026,1021,1023,1022,1025
92 1034,1039,1038,1042,1041,1036,1033,1035,1032,1040,1043,1037
96 1044,1049,1054,1045,1053,1051,1047,1046,1050,1055,1048,1052
98 1062,1064,1063,1065,1060,1067,1058,1056,1066,1057,1061,1059
97 1071,1072,1079,1075,1077,1085,1080,1070,1074,1081,1082,1076,1078,1069,1083,1084,1073,1068
102 1091,1089,1090,1088,1086,1087
190 1096,1093,1095,1097,1094,1092
105 1101,1098,1108,1105,1100,1106,1099,1102,1103,1104,1107,1109
50 1110,1113,1114,1115,1112,1111
106 1121,1119,1117,1116,1118,1120
108 1129,1146,1140,1128,1132,1150,1131,1139,1130,1138,1149,1145,1126,1143,1151,1144,1142,1127,1147,1141,1134,1123,1136,1148,1124,1122,1125,1133,1135,1137
112 1156,1159,1153,1162,1158,1161,1157,1154,1152,1155,1163,1160
119 1179,1184,1182,1166,1164,1175,1176,1165,1171,1183,1172,1169,1173,1187,1170,1178,1177,1174,1168,1167,1180,1185,1181,1186
120 1196,1199,1188,1189,1194,1191,1195,1192,1198,1193,1197,1190
121 1213,1201,1216,1217,1208,1224,1203,1202,1218,1212,1214,1210,1207,1222,1225,1205,1215,1226,1220,1200,1223,1209,1227,1228,1221,1219,1229,1206,1204,1211
122 1268,1269,1261,1231,1295,1256,1230,1283,1242,1284,1237,1249,1271,1289,1292,1279,1294,1239,1270,1277,1285,1287,1255,1290,1276,1286,1282,1232,1250,1258,1244,1278,1252,1234,1238,1236,1240,1253,1273,1260,1251,1245,1257,1275,1281,1235,1265,1293,1264,1274,1272,1248,1280,1241,1266,1267,1259,1246,1288,1263,1254,1243,1291,1247,1233,1262
65 1302,1305,1300,1299,1297,1309,1306,1307,1310,1303,1301,1296,1298,1308,1304,1313,1311,1312
124 1316,1319,1317,1315,1318,1314
125 1321,1320,1325,1322,1324,1323
115 1331,1326,1330,1328,1329,1327
126 1334,1333,1332,1335,1337,1336
128 1351,1338,1339,1344,1348,1355,1345,1349,1340,1342,1346,1343,1347,1341,1352,1353,1354,1350
131 1444,1424,1471,1456,1405,1357,1435,1395,1358,1408,1381,1389,1474,1410,1414,1430,1366,1417,1438,1416,1455,1427,1418,1413,1398,1448,1377,1411,1463,1356,1440,1399,1445,1431,1375,1373,1453,1360,1422,1387,1465,1384,1390,1363,1428,1475,1371,1472,1437,1378,1458,1383,1407,1391,1365,1460,1388,1425,1370,1393,1433,1462,1362,1364,1368,1369,1434,1450,1382,1461,1379,1470,1452,1469,1447,1451,1386,1397,1439,1359,1429,1442,1406,1432,1421,1468,1457,1374,1459,1426,1403,1394,1443,1385,1423,1361,1401,1415,1454,1396,1412,1464,1436,1372,1420,1367,1392,1473,1409,1380,1419,1404,1376,1400,1441,1467,1446,1402,1466,1449
129 1477,1481,1478,1480,1479,1476
130 1483,1484,1486,1487,1485,1482
134 1492,1494,1493,1490,1491,1489,1499,1488,1497,1495,1496,1498
138 1501,1504,1505,1500,1502,1503
142 1512,1511,1513,1522,1515,1514,1516,1510,1517,1520,1521,1526,1527,1528,1524,1508,1525,1507,1509,1519,1518,1523,1529,1506
144 1532,1533,1531,1535,1534,1530
60 1555,1538,1551,1539,1575,1562,1556,1577,1557,1568,1550,1553,1572,1537,1561,1559,1540,1571,1541,1567,1560,1558,1552,1548,1547,1566,1549,1563,1564,1542,1576,1543,1573,1546,1536,1554,1570,1569,1544,1545,1574,1565
146 1595,1582,1594,1580,1579,1584,1585,1578,1592,1589,1587,1591,1583,1586,1588,1593,1581,1590
147 1602,1607,1601,1613,1605,1612,1597,1608,1600,1596,1598,1609,1611,1610,1604,1603,1606,1599
148 1614,1616,1618,1617,1619,1615
151 1621,1624,1623,1627,1631,1622,1630,1629,1626,1628,1625,1620
152 1652,1663,1656,1666,1646,1661,1647,1641,1635,1662,1658,1632,1650,1642,1643,1660,1654,1667,1639,1648,1638,1651,1633,1665,1649,1659,1640,1653,1657,1645,1655,1634,1636,1637,1664,1644
153 1678,1691,1689,1668,1679,1694,1682,1685,1675,1674,1696,1687,1697,1680,1683,1669,1693,1677,1695,1671,1690,1672,1676,1684,1688,1673,1681,1692,1686,1670
165 1709,1710,1698,1711,1706,1708,1700,1704,1702,1703,1705,1707,1715,1713,1714,1701,1712,1699
167 1718,1721,1719,1720,1717,1716
168 1733,1724,1730,1732,1725,1731,1728,1726,1729,1722,1727,1723
169 1758,1745,1742,1767,1753,1735,1762,1751,1746,1760,1744,1752,1737,1766,1736,1764,1765,1747,1756,1749,1741,1740,1763,1743,1754,1759,1768,1734,1757,1748,1738,1769,1761,1755,1739,1750
171 1770,1771,1780,1772,1778,1779,1781,1774,1776,1777,1773,1775
172 1784,1783,1782,1787,1786,1785
175 1815,1795,1809,1829,1807,1830,1811,1789,1798,1813,1822,1817,1816,1808,1797,1832,1790,1820,1827,1819,1791,1821,1804,1824,1823,1792,1835,1800,1796,1799,1810,1794,1805,1831,1806,1801,1814,1793,1828,1825,1802,1834,1803,1812,1788,1818,1833,1826
177 1861,1843,1850,1844,1841,1840,1839,1860,1852,1857,1854,1845,1842,1853,1847,1849,1848,1846,1836,1855,1838,1837,1864,1856,1865,1851,1863,1862,1859,1858
178 1882,1866,1874,1867,1880,1876,1868,1883,1878,1871,1869,1875,1870,1877,1873,1881,1879,1872
179 1886,1885,1884,1888,1887,1889
182 1894,1893,1895,1892,1890,1891
183 1896,1898,1897,1907,1899,1904,1902,1903,1905,1900,1906,1901
73 1908,1914,1923,1916,1921,1920,1919,1922,1910,1917,1915,1913,1912,1911,1925,1918,1909,1924
184 1930,1931,1929,1936,1937,1928,1933,1935,1927,1926,1932,1934
186 1951,1948,1959,1949,1944,1952,1961,1960,1938,1939,1950,1946,1956,1947,1957,1958,1954,1953,1945,1941,1955,1942,1943,1940
187 1962,1977,1996,1981,1979,1992,1967,1968,1991,1965,1990,1966,1986,1963,1987,1978,1971,1974,1973,1970,1984,1982,1980,1994,1976,1983,1969,1997,1993,1989,1975,1988,1972,1985,1964,1995
255 2001,2003,2004,1998,2005,2009,2007,1999,2008,2002,2000,2006
188 2012,2028,2020,2026,2016,2027,2021,2017,2030,2033,2025,2022,2019,2023,2014,2032,2029,2031,2018,2024,2015,2010,2011,2013
109 2053,2059,2035,2040,2061,2060,2056,2044,2041,2052,2038,2037,2063,2036,2058,2057,2039,2048,2051,2045,2042,2054,2062,2034,2043,2049,2046,2055,2047,2050
191 2080,2078,2066,2087,2076,2077,2069,2084,2070,2089,2079,2075,2091,2064,2067,2093,2068,2073,2090,2071,2074,2085,2072,2086,2088,2083,2081,2065,2092,2082
193 2094,2104,2100,2099,2102,2098,2101,2103,2097,2095,2096,2105
194 2129,2112,2121,2106,2127,2120,2128,2126,2116,2110,2125,2124,2117,2108,2111,2109,2123,2113,2118,2107,2119,2114,2122,2115
196 2143,2152,2148,2156,2136,2141,2153,2142,2149,2147,2137,2131,2155,2138,2139,2146,2133,2150,2132,2144,2159,2135,2151,2154,2158,2157,2145,2140,2134,2130
198 2192,2220,2165,2210,2207,2222,2182,2204,2209,2179,2199,2205,2166,2221,2161,2202,2227,2219,2243,2218,2164,2181,2184,2160,2203,2170,2212,2196,2197,2183,2191,2235,2233,2163,2175,2228,2162,2177,2213,2217,2239,2241,2186,2173,2232,2194,2169,2168,2230,2185,2206,2171,2190,2189,2188,2174,2180,2224,2216,2200,2223,2172,2193,2234,2231,2167,2240,2208,2226,2236,2225,2201,2187,2242,2215,2176,2198,2238,2237,2178,2195,2211,2214,2229
200 2251,2247,2249,2253,2255,2244,2245,2246,2248,2250,2252,2254
201 2272,2281,2265,2261,2285,2276,2283,2270,2262,2257,2263,2279,2268,2280,2282,2267,2269,2274,2284,2266,2277,2278,2259,2258,2260,2271,2275,2264,2273,2256
202 2291,2293,2297,2311,2304,2294,2310,2298,2302,2315,2295,2286,2309,2312,2313,2292,2301,2288,2296,2314,2299,2287,2308,2303,2300,2290,2305,2306,2307,2289
204 2320,2321,2316,2317,2319,2318
206 2337,2330,2340,2329,2334,2327,2343,2322,2323,2336,2335,2338,2342,2339,2345,2331,2333,2325,2328,2326,2332,2324,2344,2341
208 2352,2347,2355,2346,2354,2359,2361,2348,2353,2351,2360,2369,2365,2358,2366,2357,2367,2349,2350,2356,2362,2364,2368,2363
245 2372,2371,2378,2374,2370,2385,2380,2376,2386,2382,2373,2387,2381,2383,2375,2379,2377,2384
209 2394,2393,2398,2390,2397,2396,2391,2399,2395,2392,2388,2389
210 2421,2415,2419,2423,2414,2402,2403,2401,2413,2420,2410,2408,2416,2409,2405,2411,2412,2400,2404,2417,2422,2407,2406,2418
214 2438,2427,2436,2442,2450,2461,2451,2429,2430,2445,2465,2449,2440,2452,2437,2454,2464,2448,2453,2457,2428,2439,2425,2456,2455,2433,2447,2443,2441,2458,2462,2424,2431,2444,2460,2432,2426,2434,2446,2463,2459,2435
215 2467,2466,2471,2469,2470,2468
217 2476,2477,2474,2473,2475,2472
219 2482,2495,2493,2478,2483,2481,2484,2490,2486,2492,2487,2494,2485,2479,2488,2489,2480,2491
221 2509,2499,2512,2498,2504,2497,2513,2502,2506,2500,2501,2505,2503,2511,2508,2496,2510,2507
222 2549,2551,2561,2515,2530,2545,2526,2564,2552,2541,2544,2548,2538,2569,2535,2563,2571,2554,2514,2516,2520,2567,2527,2529,2519,2532,2559,2534,2547,2539,2522,2555,2524,2528,2570,2518,2566,2542,2553,2525,2558,2543,2546,2521,2523,2531,2517,2540,2573,2536,2562,2572,2550,2556,2537,2557,2568,2565,2560,2533
223 2575,2579,2582,2588,2574,2576,2586,2578,2587,2580,2583,2584,2589,2590,2581,2591,2585,2577
227 2601,2598,2605,2595,2602,2608,2600,2593,2599,2603,2596,2607,2606,2597,2592,2609,2594,2604
229 2614,2611,2612,2613,2610,2615
232 2625,2621,2632,2627,2623,2633,2619,2626,2617,2630,2628,2629,2618,2624,2622,2631,2620,2616
235 2634,2635,2636,2639,2637,2638
236 2643,2645,2642,2644,2640,2641
110 2649,2650,2646,2647,2651,2648
239 2694,2685,2660,2698,2674,2653,2663,2671,2696,2657,2684,2656,2666,2664,2688,2691,2687,2655,2690,2677,2672,2683,2697,2693,2686,2668,2682,2659,2678,2680,2679,2676,2681,2658,2669,2699,2692,2689,2661,2654,2667,2695,2675,2662,2670,2665,2652,2673
55 2712,2716,2727,2728,2726,2732,2720,2717,2708,2707,2700,2733,2710,2709,2722,2740,2742,2738,2744,2704,2729,2731,2737,2724,2739,2743,2734,2746,2702,2706,2715,2735,2730,2711,2714,2723,2705,2703,2741,2725,2721,2713,2718,2745,2719,2747,2701,2736
246 2753,2749,2748,2751,2752,2750
248 2755,2766,2765,2763,2769,2758,2771,2762,2768,2760,2759,2761,2770,2767,2756,2754,2757,2764
253 2774,2782,2775,2776,2778,2780,2773,2772,2783,2777,2781,2779
254 2788,2786,2784,2787,2789,2785
256 2801,2798,2791,2793,2799,2800,2790,2797,2794,2795,2796,2792
258 2803,2822,2809,2846,2805,2845,2816,2827,2804,2840,2820,2832,2839,2835,2841,2818,2817,2821,2810,2830,2826,2838,2812,2815,2843,2823,2849,2831,2807,2837,2808,2814,2829,2813,2806,2848,2819,2834,2833,2802,2844,2824,2842,2836,2811,2847,2828,2825
259 2854,2856,2860,2859,2852,2858,2850,2855,2853,2851,2857,2861
260 2868,2879,2875,2870,2862,2864,2865,2872,2877,2866,2874,2863,2876,2878,2869,2867,2871,2873
262 2886,2880,2884,2888,2889,2882,2891,2883,2881,2885,2887,2890
263 2900,2905,2904,2897,2914,2895,2893,2898,2892,2911,2908,2915,2909,2894,2896,2902,2912,2899,2907,2903,2913,2910,2901,2906
123 2927,2923,2919,2929,2928,2924,2925,2921,2922,2920,2918,2930,2931,2916,2932,2933,2926,2917
224 2940,2945,2941,2935,2939,2942,2934,2944,2937,2943,2936,2938
103 2956,2960,2952,2959,2947,2946,2955,2961,2953,2968,2964,2966,2957,2951,2962,2949,2958,2969,2954,2948,2965,2950,2963,2967
5 2977,2975,2979,2974,2973,2970,2976,2978,2980,2971,2981,2972
62 2998,2982,2993,3002,2986,2997,3005,2990,2983,2999,2985,2995,2991,2994,2989,3001,3004,2988,2996,3003,2987,2992,3000,2984
145 3022,3024,3032,3036,3034,3040,3007,3019,3026,3006,3027,3018,3025,3010,3008,3031,3012,3015,3037,3013,3038,3035,3009,3020,3028,3041,3021,3033,3014,3011,3023,3029,3030,3039,3017,3016
72 3043,3047,3046,3045,3044,3042
163 3057,3101,3052,3067,3103,3066,3089,3086,3081,3050,3084,3100,3073,3072,3077,3069,3054,3090,3098,3082,3058,3085,3049,3087,3075,3091,3106,3078,3097,3092,3065,3105,3076,3102,3064,3056,3107,3079,3055,3059,3071,3068,3093,3051,3061,3074,3070,3099,3088,3104,3048,3060,3080,3096,3053,3063,3094,3062,3095,3083
150 3109,3110,3112,3108,3113,3111
38 3114,3119,3115,3117,3116,3118
8 3130,3120,3123,3126,3124,3137,3132,3131,3135,3134,3136,3129,3127,3128,3125,3122,3133,3121
27 3138,3143,3139,3142,3140,3141
79 3149,3144,3147,3146,3145,3148
61 3155,3170,3179,3167,3184,3171,3174,3173,3150,3152,3182,3181,3160,3162,3165,3164,3154,3176,3151,3163,3156,3177,3157,3175,3185,3159,3161,3168,3153,3166,3172,3178,3183,3169,3180,3158
176 3202,3195,3203,3200,3198,3193,3186,3201,3194,3196,3197,3199,3188,3187,3192,3189,3190,3191
154 3217,3212,3220,3214,3210,3211,3215,3206,3209,3208,3207,3213,3205,3221,3216,3219,3204,3218
33 3223,3225,3226,3222,3224,3227
7 3232,3239,3231,3235,3233,3241,3242,3237,3240,3228,3230,3234,3236,3244,3245,3229,3243,3238
189 3249,3250,3248,3251,3247,3246
89 3259,3279,3280,3257,3285,3252,3258,3254,3283,3275,3273,3267,3255,3265,3253,3281,3290,3289,3262,3282,3268,3286,3264,3256,3263,3274,3284,3288,3270,3269,3272,3277,3276,3260,3278,3266,3271,3291,3287,3293,3292,3261
100 3298,3297,3301,3304,3295,3299,3294,3302,3300,3296,3305,3303
17 3310,3309,3308,3311,3307,3306
35 3316,3314,3313,3317,3312,3315
63 3319,3320,3318,3321,3323,3322
2 3341,3330,3347,3329,3339,3340,3346,3324,3344,3345,3328,3331,3337,3327,3326,3335,3325,3336,3342,3343,3333,3332,3334,3338
58 3352,3350,3351,3358,3355,3348,3353,3354,3357,3359,3349,3356
173 3372,3369,3361,3365,3364,3377,3363,3362,3374,3371,3368,3360,3366,3370,3375,3367,3376,3373
158 3379,3383,3381,3382,3378,3380
113 3432,3422,3402,3421,3406,3385,3431,3417,3424,3394,3420,3399,3425,3384,3418,3390,3423,3393,3414,3397,3419,3391,3408,3400,3403,3433,3430,3436,3401,3426,3387,3407,3427,3410,3409,3416,3396,3411,3435,3413,3398,3434,3437,3415,3429,3405,3412,3404,3395,3388,3389,3392,3428,3386
114 3443,3438,3442,3441,3439,3440
9 3459,3458,3467,3452,3460,3449,3446,3444,3453,3454,3451,3465,3463,3455,3450,3466,3464,3462,3447,3445,3457,3461,3448,3456
251 3469,3468,3471,3472,3470,3473
43 3479,3477,3478,3476,3474,3475
10 3489,3497,3485,3481,3492,3495,3484,3488,3482,3487,3486,3494,3496,3491,3480,3493,3483,3490
241 3502,3499,3500,3498,3503,3501
226 3505,3508,3527,3523,3516,3521,3526,3509,3520,3511,3506,3524,3519,3514,3522,3517,3518,3513,3504,3512,3510,3507,3525,3515
155 3529,3533,3545,3543,3544,3541,3551,3531,3552,3538,3535,3557,3537,3553,3528,3549,3542,3530,3546,3534,3540,3539,3547,3550,3555,3554,3548,3536,3532,3556
164 3559,3561,3562,3558,3560,3563
81 3581,3567,3587,3578,3566,3572,3573,3575,3574,3585,3580,3570,3576,3583,3565,3579,3568,3586,3582,3577,3584,3569,3571,3564
44 3591,3588,3590,3589,3592,3593
20 3605,3598,3600,3594,3604,3596,3595,3599,3597,3602,3601,3603
45 3623,3620,3614,3607,3615,3616,3618,3621,3619,3612,3617,3609,3613,3611,3622,3610,3606,3608
77 3626,3627,3665,3670,3644,3659,3671,3638,3657,3661,3648,3660,3628,3630,3653,3663,3632,3669,3647,3650,3642,3643,3658,3637,3664,3649,3624,3654,3633,3655,3645,3656,3634,3646,3641,3652,3629,3667,3639,3636,3625,3651,3635,3666,3640,3662,3631,3668
11 3679,3675,3677,3681,3678,3682,3680,3672,3683,3676,3674,3673
203 3699,3707,3692,3712,3702,3715,3701,3684,3693,3717,3686,3687,3709,3691,3697,3694,3685,3714,3695,3690,3705,3716,3713,3698,3706,3689,3718,3688,3700,3719,3710,3696,3708,3703,3704,3711
230 3728,3727,3730,3731,3723,3720,3729,3726,3722,3725,3721,3724
181 3733,3743,3754,3751,3748,3736,3747,3744,3745,3741,3738,3755,3753,3752,3734,3739,3742,3746,3750,3732,3737,3749,3735,3740
57 3761,3759,3758,3756,3757,3760
213 3772,3764,3763,3771,3773,3767,3776,3775,3769,3774,3770,3779,3768,3765,3762,3766,3777,3778
3 3789,3787,3790,3781,3785,3783,3784,3791,3786,3788,3780,3782
228 3821,3797,3804,3807,3813,3810,3805,3803,3796,3820,3819,3798,3814,3795,3818,3802,3794,3808,3811,3793,3816,3792,3801,3809,3815,3812,3817,3806,3799,3800
139 3825,3836,3845,3840,3824,3830,3822,3831,3832,3838,3828,3843,3826,3842,3829,3837,3839,3844,3841,3823,3827,3833,3835,3834
46 3872,3857,3876,3851,3878,3874,3850,3859,3846,3868,3863,3869,3880,3875,3861,3866,3871,3853,3865,3862,3870,3858,3856,3867,3879,3849,3860,3852,3864,3847,3881,3873,3877,3855,3848,3854
64 3930,3901,3925,3892,3886,3904,3882,3923,3897,3915,3903,3887,3888,3935,3889,3884,3899,3919,3934,3909,3940,3910,3913,3916,3890,3929,3883,3924,3937,3912,3922,3893,3885,3920,3894,3898,3931,3895,3900,3927,3917,3921,3933,3941,3914,3918,3936,3926,3907,3938,3891,3932,3939,3905,3928,3908,3906,3911,3902,3896
26 3947,3944,3943,3942,3946,3945
243 3948,3949,3952,3953,3951,3950
91 3959,3957,3956,3954,3958,3955
0 3961,3960,3964,3963,3962,3965
162 3978,3969,3968,3972,3983,3973,3979,3986,3967,3976,3975,3989,3981,3966,3982,3970,3988,3984,3971,3987,3977,3985,3974,3980
132 3990,3991,3993,3994,3992,4000,3995,4001,3999,3997,3998,3996
36 4005,4019,4015,4006,4020,4009,4024,4026,4002,4011,4022,4018,4012,4008,4016,4007,4031,4029,4021,4023,4010,4028,4030,4013,4027,4017,4025,4004,4003,4014
156 4033,4036,4034,4032,4035,4037
107 4045,4079,4051,4043,4055,4078,4053,4049,4040,4074,4077,4062,4056,4038,4046,4041,4050,4052,4061,4069,4064,4073,4065,4059,4076,4054,4044,4060,4042,4048,4047,4071,4075,4068,4063,4067,4039,4057,4058,4066,4070,4072
249 4089,4087,4084,4090,4085,4080,4083,4082,4081,4091,4086,4088
85 4108,4107,4093,4096,4092,4098,4105,4101,4109,4104,4097,4099,4106,4095,4102,4100,4094,4103
225 4120,4127,4114,4111,4110,4123,4113,4121,4125,4117,4119,4115,4118,4116,4126,4124,4112,4122
231 4132,4128,4131,4133,4129,4130
240 4136,4140,4144,4145,4139,4141,4143,4142,4138,4134,4137,4135
135 4156,4159,4152,4160,4171,4176,4165,4163,4158,4162,4175,4169,4153,4170,4147,4148,4149,4154,4168,4178,4161,4150,4174,4164,4179,4173,4172,4151,4155,4181,4177,4167,4166,4157,4180,4146
207 4186,4184,4185,4182,4187,4183
197 4188,4200,4210,4202,4197,4194,4189,4192,4209,4207,4198,4191,4204,4195,4201,4205,4199,4208,4193,4203,4196,4211,4206,4190
15 4214,4213,4212,4215,4217,4216
252 4221,4222,4218,4229,4234,4226,4220,4231,4219,4223,4228,4233,4232,4230,4225,4224,4235,4227
185 4242,4236,4241,4247,4243,4237,4238,4240,4244,4245,4239,4246
6 4249,4262,4253,4261,4266,4268,4248,4265,4255,4264,4263,4250,4254,4256,4271,4257,4259,4258,4252,4267,4260,4269,4270,4251
161 4308,4274,4294,4297,4307,4272,4314,4289,4306,4293,4317,4300,4318,4299,4285,4295,4292,4296,4280,4282,4273,4298,4281,4309,4287,4283,4315,4291,4284,4286,4290,4303,4276,4288,4278,4305,4301,4304,4319,4312,4302,4311,4275,4313,4277,4310,4316,4279
218 4329,4324,4326,4325,4331,4328,4321,4320,4327,4322,4323,4330
136 4336,4334,4341,4333,4342,4340,4335,4343,4332,4337,4339,4338
94 4347,4345,4346,4353,4352,4349,4350,4351,4344,4348,4354,4355
37 4368,4363,4385,4356,4390,4372,4367,4396,4388,4398,4362,4392,4373,4383,4358,4359,4393,4364,4365,4384,4357,4400,4375,4378,4377,4361,4387,4399,4381,4394,4382,4376,4395,4366,4402,4397,4380,4369,4371,4389,4391,4379,4386,4401,4374,4360,4403,4370
149 4417,4465,4446,4453,4407,4423,4454,4412,4433,4452,4418,4463,4457,4455,4435,4442,4441,4434,4449,4429,4408,4468,4411,4414,4410,4409,4464,4440,4447,4419,4444,4426,4460,4428,4462,4404,4450,4459,4467,4415,4425,4461,4437,4413,4436,4432,4406,4451,4420,4427,4445,4422,4458,4416,4456,4469,4430,4438,4424,4466,4439,4405,4431,4448,4443,4421
13 4475,4471,4472,4473,4470,4474
39 4476,4478,4477,4480,4481,4479
