234 6,11,0,7,5,8,3,10,9,2,4,1
1 22,37,24,35,41,28,39,27,23,25,31,36,12,30,38,34,18,20,16,32,21,29,26,15,19,13,33,40,14,17
4 48,45,53,44,46,52,51,42,43,47,50,49
16 57,56,62,63,65,58,64,61,60,54,59,55
18 105,96,99,95,66,91,83,106,84,68,107,77,72,112,88,100,92,97,70,86,79,90,109,67,94,82,113,102,80,81,76,108,73,111,74,85,69,93,87,71,98,103,101,89,110,78,104,75
19 125,115,120,117,124,122,119,118,123,121,116,114
21 154,143,146,159,156,130,132,133,151,128,139,161,158,134,140,142,131,149,145,135,144,141,157,127,155,160,136,152,137,129,153,148,138,126,150,147
23 173,162,169,179,174,175,177,171,172,170,166,167,163,176,178,165,164,168
24 185,187,189,188,183,190,191,180,181,186,184,182
25 194,193,196,198,197,199,195,200,203,192,202,201
28 221,217,215,220,204,209,214,213,218,206,219,205,216,212,211,208,210,207
30 226,233,229,237,231,228,225,223,224,238,235,232,222,239,227,236,234,230
31 251,254,240,252,257,245,241,249,247,255,242,253,248,250,244,246,243,256
32 280,270,271,279,267,260,262,259,273,276,268,275,277,263,266,278,272,261,281,264,265,274,258,269
216 288,305,290,309,303,301,315,282,311,317,304,298,283,294,312,323,295,318,308,307,289,319,293,322,284,300,299,321,296,302,285,313,314,310,287,320,297,306,316,291,292,286
34 376,331,337,344,327,338,359,377,326,373,361,346,358,374,367,355,336,329,351,368,349,370,372,332,348,345,335,328,341,365,360,352,362,342,369,343,339,357,325,347,354,375,334,356,350,324,330,363,366,364,333,340,353,371
40 393,392,382,389,380,378,394,388,390,384,383,386,395,381,385,387,379,391
41 413,397,405,406,402,400,396,410,404,398,411,401,408,407,399,412,403,409
42 424,419,430,417,418,427,426,414,415,422,420,428,421,423,416,429,425,431
199 437,434,432,433,435,436
160 471,473,461,452,470,450,460,444,445,468,442,448,440,438,463,447,453,449,441,465,443,458,451,456,439,459,467,457,455,464,446,454,466,462,472,469
47 488,491,483,503,477,490,478,516,518,507,475,487,499,506,511,480,479,497,515,504,517,486,521,474,512,496,476,510,485,514,508,489,519,498,482,492,520,481,495,493,509,500,494,502,505,484,513,501
78 551,528,546,524,541,549,547,537,523,544,529,532,545,527,526,548,525,531,534,538,536,533,522,550,540,535,543,539,530,542
48 562,558,560,552,561,554,553,556,555,557,563,559
53 565,571,569,574,572,575,570,564,567,568,573,566
250 580,576,593,592,589,591,582,587,585,577,579,588,583,590,578,584,581,586
49 601,596,599,594,598,602,597,604,605,603,595,600
257 608,610,611,609,606,607
22 616,621,622,618,620,614,619,615,617,612,623,613
67 639,625,646,641,651,638,633,659,656,654,629,635,628,657,647,658,637,650,627,632,653,652,643,626,648,634,636,631,624,644,655,640,649,642,645,630
68 694,663,691,673,668,660,687,680,671,693,661,672,690,670,686,688,675,682,667,684,662,665,681,695,676,678,689,683,674,664,685,679,669,677,666,692
69 704,703,697,707,705,698,701,702,699,706,696,700
71 717,720,714,708,724,711,713,712,725,722,718,709,721,719,715,710,716,723
74 726,737,728,734,735,727,736,730,729,733,731,732
75 738,791,759,774,758,779,793,781,775,765,750,770,768,778,756,796,786,780,792,752,749,764,787,762,741,776,794,773,782,783,777,761,772,740,748,755,739,766,760,788,795,757,785,789,797,743,790,754,742,747,767,784,771,745,744,746,769,753,751,763
76 802,800,798,803,801,799
159 814,810,807,805,804,806,815,811,813,808,812,809
80 896,903,831,817,910,885,839,882,909,900,865,862,816,877,881,897,907,830,866,828,821,864,829,902,837,911,880,841,842,843,846,851,894,844,855,868,872,888,822,893,875,854,906,901,835,876,819,838,857,860,873,908,871,820,863,833,899,827,845,849,856,904,826,886,905,861,853,889,859,834,870,898,847,879,892,840,823,895,883,884,824,818,887,890,891,832,878,858,852,874,869,867,825,848,836,850
82 924,919,928,915,925,918,916,923,917,914,927,929,912,926,913,922,921,920
83 955,960,962,934,938,949,969,939,961,963,968,967,941,937,958,964,948,972,971,959,977,975,936,973,945,952,930,954,944,956,966,933,932,974,951,957,935,946,943,931,940,947,965,953,970,976,950,942
84 979,983,978,981,982,980
87 1005,986,992,1007,1000,993,985,1002,987,1004,1001,1013,984,1012,995,990,998,1008,989,997,1006,1003,1009,1011,988,996,994,991,999,1010
88 1014,1015,1016,1018,1019,1017
90 1026,1028,1031,1025,1024,1021,1030,1022,1023,1027,1020,1029
92 1037,1040,1039,1043,1038,1034,1035,1033,1032,1042,1036,1041
96 1051,1048,1052,1050,1053,1044,1045,1055,1054,1047,1046,1049
98 1066,1059,1064,1067,1063,1065,1060,1057,1062,1061,1058,1056
97 1083,1068,1072,1079,1070,1071,1078,1085,1080,1077,1082,1074,1076,1069,1084,1081,1075,1073
102 1087,1089,1086,1091,1090,1088
190 1096,1092,1093,1095,1097,1094
105 1107,1101,1098,1109,1104,1102,1100,1103,1108,1106,1105,1099
50 1113,1110,1114,1111,1112,1115
106 1121,1117,1118,1120,1116,1119
108 1137,1129,1123,1134,1146,1133,1135,1142,1150,1128,1125,1145,1126,1132,1147,1127,1136,1144,1140,1138,1124,1148,1139,1130,1141,1122,1151,1149,1131,1143
112 1163,1156,1159,1161,1160,1158,1157,1153,1152,1155,1154,1162
119 1181,1166,1164,1185,1168,1184,1173,1178,1171,1175,1167,1172,1169,1174,1170,1186,1177,1183,1182,1180,1165,1187,1176,1179
120 1198,1199,1196,1190,1193,1189,1197,1188,1192,1191,1194,1195
121 1202,1207,1208,1216,1224,1209,1213,1211,1221,1218,1229,1201,1204,1206,1203,1205,1212,1228,1217,1226,1200,1219,1227,1225,1223,1222,1215,1220,1210,1214
122 1262,1295,1271,1261,1231,1268,1254,1249,1230,1240,1256,1233,1244,1269,1288,1258,1265,1250,1241,1243,1290,1246,1293,1257,1284,1291,1276,1272,1259,1280,1294,1263,1237,1245,1287,1279,1238,1281,1292,1266,1274,1264,1252,1251,1275,1236,1235,1267,1247,1239,1232,1282,1270,1277,1260,1273,1242,1278,1248,1234,1286,1289,1253,1283,1255,1285
65 1312,1311,1298,1307,1305,1299,1302,1306,1300,1313,1309,1304,1308,1296,1310,1301,1303,1297
124 1319,1318,1314,1315,1317,1316
125 1323,1321,1320,1324,1322,1325
115 1331,1326,1327,1329,1328,1330
126 1334,1332,1336,1333,1337,1335
128 1350,1341,1351,1340,1354,1353,1347,1352,1342,1338,1346,1355,1345,1343,1339,1349,1348,1344
131 1402,1454,1395,1410,1449,1471,1409,1358,1424,1444,1466,1456,1474,1431,1414,1432,1441,1467,1405,1367,1433,1458,1416,1411,1435,1377,1455,1389,1357,1453,1418,1447,1381,1385,1422,1419,1434,1398,1442,1408,1397,1404,1473,1437,1420,1387,1366,1388,1400,1440,1371,1407,1426,1376,1361,1392,1459,1360,1368,1430,1450,1475,1438,1446,1425,1460,1373,1448,1365,1451,1372,1421,1457,1362,1382,1417,1413,1375,1370,1394,1401,1396,1427,1428,1363,1356,1464,1380,1468,1406,1415,1412,1374,1399,1461,1470,1378,1393,1386,1403,1364,1443,1379,1429,1391,1369,1383,1359,1436,1445,1463,1423,1469,1462,1384,1452,1472,1439,1465,1390
129 1476,1477,1480,1478,1479,1481
130 1482,1483,1485,1487,1484,1486
134 1494,1492,1489,1498,1495,1496,1499,1490,1488,1491,1497,1493
138 1503,1502,1505,1500,1504,1501
142 1506,1523,1513,1512,1516,1514,1511,1515,1522,1517,1518,1510,1521,1525,1524,1529,1507,1520,1519,1527,1508,1509,1528,1526
144 1530,1532,1535,1531,1533,1534
60 1545,1565,1539,1551,1538,1550,1574,1536,1549,1569,1575,1544,1554,1553,1561,1557,1570,1559,1555,1576,1540,1571,1564,1566,1556,1537,1542,1562,1567,1552,1563,1543,1573,1558,1546,1572,1548,1541,1547,1577,1568,1560
146 1595,1590,1594,1582,1593,1588,1585,1586,1581,1580,1587,1579,1589,1578,1584,1591,1592,1583
147 1610,1613,1599,1608,1607,1603,1611,1609,1604,1612,1600,1602,1598,1597,1596,1606,1605,1601
148 1615,1619,1616,1614,1618,1617
151 1621,1624,1620,1625,1622,1630,1623,1631,1629,1627,1628,1626
152 1634,1652,1663,1644,1656,1651,1659,1662,1664,1641,1649,1658,1637,1645,1666,1655,1660,1643,1636,1647,1657,1661,1654,1653,1635,1642,1667,1633,1646,1639,1638,1640,1648,1650,1665,1632
153 1670,1684,1679,1680,1689,1691,1694,1673,1682,1688,1678,1668,1685,1672,1677,1687,1693,1675,1690,1692,1681,1696,1671,1676,1669,1697,1683,1686,1695,1674
165 1699,1707,1709,1712,1698,1710,1705,1706,1713,1708,1701,1700,1702,1714,1715,1704,1711,1703
167 1717,1716,1718,1721,1720,1719
168 1726,1729,1730,1723,1724,1727,1733,1722,1728,1731,1732,1725
169 1755,1740,1769,1758,1750,1745,1762,1757,1751,1761,1739,1746,1767,1760,1744,1742,1753,1752,1768,1749,1756,1738,1748,1754,1759,1747,1763,1734,1735,1764,1743,1766,1741,1736,1737,1765
171 1770,1772,1771,1776,1775,1773,1779,1777,1778,1781,1774,1780
172 1786,1785,1784,1783,1787,1782
175 1826,1815,1828,1818,1806,1788,1833,1830,1809,1790,1812,1811,1795,1796,1829,1831,1825,1817,1816,1835,1819,1799,1814,1834,1827,1797,1789,1791,1823,1801,1805,1807,1793,1821,1798,1794,1802,1813,1808,1820,1800,1810,1792,1832,1824,1803,1804,1822
177 1861,1863,1836,1859,1864,1843,1862,1857,1858,1850,1838,1849,1847,1860,1837,1844,1846,1842,1865,1851,1848,1852,1840,1855,1853,1856,1845,1841,1854,1839
178 1879,1872,1878,1873,1882,1868,1874,1866,1880,1876,1877,1875,1869,1883,1870,1881,1871,1867
179 1887,1886,1885,1889,1888,1884
182 1891,1890,1893,1894,1895,1892
183 1898,1906,1904,1907,1896,1900,1902,1903,1901,1897,1905,1899
73 1913,1908,1925,1924,1918,1916,1923,1921,1909,1917,1922,1915,1910,1914,1920,1912,1911,1919
184 1931,1934,1930,1928,1926,1927,1937,1929,1933,1936,1932,1935
186 1940,1961,1948,1949,1951,1957,1954,1955,1942,1959,1943,1944,1947,1952,1939,1941,1956,1958,1950,1945,1946,1953,1960,1938
187 1993,1964,1996,1995,1979,1965,1974,1972,1981,1962,1985,1977,1969,1971,1968,1980,1989,1967,1963,1992,1997,1988,1975,1983,1994,1991,1966,1973,1970,1984,1990,1987,1976,1986,1982,1978
255 2005,2006,2003,2004,1999,2002,2007,2001,2009,2000,2008,1998
188 2029,2012,2020,2016,2011,2032,2017,2013,2033,2023,2027,2010,2028,2018,2024,2014,2031,2015,2026,2019,2030,2021,2025,2022
109 2042,2059,2054,2055,2050,2060,2039,2053,2048,2035,2046,2057,2040,2061,2049,2037,2045,2038,2044,2056,2063,2062,2034,2058,2041,2052,2051,2036,2047,2043
191 2092,2071,2064,2082,2067,2066,2076,2087,2079,2089,2065,2078,2075,2081,2088,2083,2074,2090,2073,2080,2070,2072,2086,2085,2077,2084,2093,2068,2069,2091
193 2096,2097,2095,2094,2104,2103,2098,2100,2105,2101,2102,2099
194 2121,2115,2106,2127,2112,2119,2110,2122,2123,2120,2114,2109,2116,2124,2118,2111,2117,2107,2128,2129,2113,2108,2125,2126
196 2145,2130,2156,2143,2135,2140,2154,2151,2152,2159,2157,2137,2134,2142,2150,2149,2136,2138,2131,2139,2153,2148,2155,2144,2132,2141,2146,2158,2133,2147
198 2229,2187,2231,2192,2161,2167,2182,2228,2214,2177,2204,2184,2163,2183,2186,2178,2164,2168,2234,2207,2173,2199,2223,2220,2172,2238,2218,2232,2195,2203,2219,2209,2242,2237,2210,2243,2176,2241,2185,2205,2169,2206,2211,2221,2166,2236,2191,2215,2201,2197,2224,2225,2216,2160,2235,2227,2174,2233,2193,2189,2194,2188,2202,2200,2162,2208,2179,2198,2240,2165,2230,2170,2222,2190,2226,2239,2213,2180,2217,2171,2181,2196,2175,2212
200 2247,2251,2250,2254,2253,2255,2252,2246,2245,2249,2244,2248
201 2261,2270,2285,2265,2268,2256,2264,2276,2278,2263,2283,2273,2277,2280,2275,2281,2272,2266,2259,2267,2284,2282,2269,2279,2274,2271,2258,2260,2262,2257
202 2311,2291,2307,2289,2306,2293,2297,2302,2301,2300,2310,2288,2315,2299,2287,2308,2305,2314,2304,2295,2312,2290,2303,2298,2294,2286,2309,2313,2296,2292
204 2318,2321,2319,2320,2317,2316
206 2344,2341,2324,2330,2336,2326,2337,2323,2332,2335,2343,2329,2334,2333,2340,2327,2339,2325,2328,2338,2345,2342,2331,2322
208 2359,2355,2354,2364,2363,2352,2347,2356,2368,2350,2367,2357,2346,2360,2365,2369,2348,2366,2358,2353,2362,2349,2361,2351
245 2378,2374,2372,2371,2384,2386,2373,2377,2370,2379,2376,2380,2387,2383,2381,2375,2382,2385
209 2393,2388,2389,2398,2390,2399,2394,2392,2391,2395,2397,2396
210 2409,2411,2406,2421,2405,2407,2400,2422,2417,2403,2412,2408,2419,2410,2401,2418,2420,2402,2423,2404,2413,2416,2414,2415
214 2434,2427,2435,2462,2458,2451,2430,2441,2459,2436,2424,2450,2446,2461,2442,2455,2432,2457,2425,2431,2465,2460,2440,2438,2429,2463,2443,2448,2447,2444,2445,2464,2428,2433,2456,2426,2449,2452,2453,2439,2437,2454
215 2468,2467,2471,2469,2470,2466
217 2472,2476,2474,2477,2473,2475
219 2480,2495,2481,2488,2491,2479,2482,2490,2492,2486,2483,2487,2485,2489,2478,2493,2484,2494
221 2507,2500,2510,2499,2512,2496,2508,2505,2503,2513,2511,2501,2509,2502,2506,2497,2498,2504
222 2560,2552,2515,2549,2530,2561,2525,2533,2551,2541,2546,2536,2544,2565,2528,2564,2568,2522,2556,2535,2516,2524,2520,2573,2562,2557,2545,2567,2537,2529,2540,2569,2550,2548,2554,2558,2563,2547,2553,2517,2542,2571,2534,2559,2523,2543,2570,2566,2539,2518,2555,2531,2521,2519,2514,2538,2532,2527,2572,2526
223 2585,2575,2577,2574,2579,2589,2581,2576,2584,2590,2580,2583,2587,2591,2588,2578,2582,2586
227 2605,2607,2606,2594,2597,2601,2609,2598,2608,2602,2604,2596,2599,2592,2595,2593,2603,2600
229 2614,2610,2615,2611,2613,2612
232 2631,2622,2617,2625,2620,2616,2619,2621,2628,2633,2629,2632,2624,2630,2627,2626,2618,2623
235 2638,2637,2635,2634,2636,2639
236 2641,2643,2642,2645,2640,2644
110 2651,2650,2649,2648,2647,2646
239 2652,2685,2673,2670,2662,2665,2689,2694,2698,2667,2675,2664,2658,2696,2686,2663,2660,2657,2688,2655,2695,2674,2678,2668,2661,2679,2682,2654,2676,2677,2692,2681,2669,2671,2699,2687,2697,2672,2680,2691,2653,2659,2693,2690,2683,2684,2666,2656
55 2712,2736,2727,2725,2717,2738,2700,2747,2732,2734,2705,2701,2726,2709,2745,2710,2723,2733,2720,2716,2707,2702,2742,2714,2735,2728,2731,2737,2704,2721,2741,2743,2719,2744,2718,2739,2708,2703,2729,2706,2730,2746,2722,2715,2713,2711,2724,2740
246 2750,2753,2752,2749,2748,2751
248 2757,2770,2763,2754,2755,2756,2765,2771,2766,2764,2758,2769,2760,2767,2768,2759,2761,2762
253 2779,2776,2775,2782,2783,2780,2774,2772,2781,2777,2773,2778
254 2787,2788,2785,2784,2789,2786
256 2797,2792,2791,2801,2798,2795,2796,2793,2790,2794,2799,2800
258 2822,2828,2824,2846,2834,2844,2845,2836,2809,2811,2825,2820,2847,2821,2838,2803,2842,2807,2827,2818,2840,2806,2805,2830,2849,2837,2826,2833,2823,2817,2815,2829,2835,2848,2841,2843,2814,2832,2804,2816,2808,2819,2813,2802,2839,2812,2810,2831
259 2857,2861,2854,2860,2855,2859,2851,2852,2858,2853,2850,2856
260 2873,2868,2875,2874,2870,2879,2862,2871,2867,2878,2865,2864,2872,2877,2869,2866,2876,2863
262 2890,2888,2883,2880,2881,2891,2889,2884,2885,2887,2882,2886
263 2901,2913,2899,2904,2906,2898,2903,2914,2905,2900,2897,2892,2902,2894,2915,2912,2896,2908,2907,2910,2911,2909,2895,2893
123 2927,2917,2926,2923,2919,2933,2916,2928,2918,2922,2921,2924,2929,2931,2925,2932,2920,2930
224 2936,2945,2940,2943,2938,2937,2942,2935,2944,2934,2939,2941
103 2960,2952,2953,2948,2957,2967,2951,2965,2961,2963,2956,2962,2950,2954,2947,2958,2969,2946,2955,2949,2968,2959,2964,2966
5 2971,2977,2974,2975,2976,2980,2978,2972,2973,2979,2981,2970
62 3000,2993,3002,2992,2982,2986,2987,2984,2998,2985,2991,2995,2989,3005,2988,3001,2997,3004,3003,2996,2994,2990,2983,2999
145 3016,3017,3029,3032,3013,3024,3036,3039,3020,3030,3026,3022,3007,3037,3019,3023,3014,3035,3025,3033,3040,3034,3038,3009,3041,3012,3021,3011,3027,3015,3006,3018,3010,3028,3031,3008
72 3042,3043,3044,3045,3046,3047
163 3069,3063,3083,3068,3074,3067,3062,3095,3057,3081,3107,3094,3061,3066,3100,3080,3052,3073,3086,3051,3060,3097,3050,3103,3084,3096,3071,3089,3101,3070,3049,3078,3077,3048,3079,3106,3053,3104,3088,3099,3072,3105,3082,3090,3056,3058,3093,3064,3087,3085,3055,3102,3091,3076,3075,3054,3059,3092,3065,3098
150 3113,3111,3109,3108,3112,3110
38 3117,3118,3116,3114,3119,3115
8 3121,3137,3122,3128,3120,3129,3131,3126,3133,3136,3125,3130,3123,3127,3124,3135,3132,3134
27 3138,3141,3140,3142,3143,3139
79 3145,3149,3146,3148,3144,3147
61 3180,3153,3155,3158,3170,3179,3161,3169,3185,3154,3151,3182,3174,3173,3184,3175,3167,3183,3165,3157,3166,3181,3172,3177,3178,3168,3176,3162,3159,3150,3164,3156,3152,3160,3171,3163
176 3191,3192,3202,3203,3187,3194,3195,3200,3193,3198,3199,3189,3197,3196,3201,3190,3186,3188
154 3219,3220,3216,3207,3205,3212,3218,3217,3221,3204,3213,3209,3206,3211,3214,3208,3210,3215
33 3225,3223,3227,3226,3222,3224
7 3238,3231,3235,3234,3243,3228,3229,3230,3232,3245,3239,3241,3237,3242,3244,3236,3233,3240
189 3246,3249,3247,3251,3248,3250
89 3256,3259,3262,3260,3285,3293,3261,3280,3272,3257,3288,3281,3266,3279,3268,3273,3292,3252,3275,3271,3277,3253,3267,3270,3291,3286,3265,3283,3289,3278,3263,3254,3269,3258,3274,3264,3284,3276,3287,3282,3290,3255
100 3294,3298,3303,3297,3301,3295,3300,3305,3304,3302,3299,3296
17 3310,3306,3307,3309,3308,3311
35 3315,3317,3316,3314,3312,3313
63 3322,3319,3320,3321,3323,3318
2 3338,3330,3336,3341,3329,3331,3334,3332,3347,3346,3339,3340,3333,3324,3342,3345,3335,3325,3344,3343,3337,3328,3326,3327
58 3352,3349,3356,3351,3359,3357,3353,3354,3348,3350,3355,3358
173 3367,3361,3366,3372,3373,3365,3376,3375,3377,3369,3370,3364,3360,3374,3371,3363,3362,3368
158 3380,3379,3383,3382,3378,3381
113 3386,3431,3405,3388,3432,3413,3406,3421,3417,3437,3414,3407,3430,3394,3415,3410,3392,3425,3422,3428,3390,3420,3408,3429,3436,3423,3427,3395,3389,3404,3419,3416,3396,3411,3412,3391,3402,3434,3397,3399,3403,3385,3384,3435,3387,3409,3433,3393,3398,3426,3401,3424,3400,3418
114 3440,3443,3442,3438,3439,3441
9 3462,3464,3459,3448,3461,3447,3451,3457,3456,3458,3467,3452,3445,3449,3466,3454,3450,3460,3465,3455,3453,3444,3463,3446
251 3473,3468,3470,3469,3471,3472
43 3474,3479,3476,3477,3475,3478
10 3491,3493,3490,3489,3485,3481,3480,3487,3483,3496,3495,3484,3486,3497,3488,3492,3494,3482
241 3501,3502,3499,3500,3498,3503
226 3515,3508,3505,3504,3507,3517,3527,3521,3525,3516,3512,3520,3510,3513,3509,3526,3514,3506,3524,3511,3518,3523,3519,3522
155 3548,3529,3541,3532,3556,3533,3536,3551,3554,3538,3545,3544,3534,3547,3550,3539,3553,3540,3555,3546,3557,3528,3543,3537,3531,3542,3535,3530,3549,3552
164 3563,3559,3560,3558,3561,3562
81 3584,3571,3587,3573,3567,3564,3577,3566,3569,3581,3580,3578,3574,3565,3570,3586,3582,3568,3583,3572,3579,3576,3585,3575
44 3592,3593,3591,3590,3588,3589
20 3594,3605,3602,3603,3599,3598,3600,3601,3604,3596,3595,3597
45 3606,3610,3620,3622,3623,3612,3615,3616,3611,3621,3609,3608,3617,3618,3614,3607,3619,3613
77 3666,3668,3627,3667,3626,3665,3635,3638,3655,3636,3631,3662,3628,3644,3670,3669,3661,3658,3660,3663,3648,3646,3629,3643,3625,3632,3659,3637,3652,3671,3649,3645,3651,3641,3656,3642,3634,3640,3664,3654,3650,3639,3633,3624,3647,3630,3657,3653
11 3674,3678,3679,3673,3677,3675,3680,3683,3681,3672,3682,3676
203 3692,3712,3703,3711,3689,3715,3700,3699,3707,3696,3684,3690,3706,3685,3704,3686,3701,3694,3710,3717,3716,3702,3688,3708,3718,3693,3695,3719,3714,3697,3705,3691,3713,3698,3709,3687
230 3721,3724,3728,3727,3720,3723,3725,3731,3729,3730,3726,3722
181 3740,3735,3733,3739,3743,3747,3751,3744,3741,3745,3754,3738,3736,3749,3748,3737,3746,3752,3734,3753,3750,3732,3742,3755
57 3760,3757,3761,3759,3758,3756
213 3778,3762,3764,3772,3773,3766,3771,3765,3770,3775,3763,3769,3777,3768,3776,3774,3779,3767
3 3781,3782,3789,3790,3787,3788,3784,3786,3780,3783,3791,3785
228 3793,3797,3800,3806,3821,3804,3807,3801,3799,3794,3817,3809,3803,3802,3812,3820,3819,3792,3818,3811,3810,3798,3814,3816,3815,3805,3813,3795,3796,3808
139 3845,3823,3836,3835,3825,3828,3832,3844,3840,3824,3830,3833,3837,3827,3838,3834,3829,3822,3839,3841,3843,3826,3842,3831
46 3872,3879,3876,3854,3848,3847,3855,3857,3852,3869,3881,3877,3880,3878,3862,3849,3870,3864,3873,3863,3875,3859,3871,3861,3867,3846,3851,3858,3853,3860,3868,3866,3856,3865,3850,3874
64 3911,3886,3896,3930,3935,3938,3906,3939,3908,3931,3925,3909,3937,3932,3915,3901,3905,3927,3928,3894,3934,3904,3914,3926,3882,3907,3910,3918,3891,3920,3887,3888,3921,3900,3897,3883,3912,3917,3919,3923,3884,3941,3936,3890,3902,3940,3893,3892,3889,3933,3885,3922,3899,3903,3924,3913,3916,3895,3898,3929
26 3944,3943,3945,3946,3942,3947
243 3953,3950,3948,3951,3949,3952
91 3959,3955,3957,3956,3958,3954
0 3961,3960,3963,3964,3962,3965
162 3980,3985,3974,3978,3969,3970,3983,3988,3984,3972,3979,3987,3973,3977,3986,3982,3981,3971,3976,3975,3968,3966,3989,3967
132 3996,3990,3993,3994,3991,3992,3998,3995,4000,3997,3999,4001
36 4014,4004,4005,4003,4019,4015,4006,4020,4013,4017,4022,4018,4025,4012,4028,4010,4008,4021,4026,4023,4016,4027,4007,4029,4002,4024,4031,4011,4009,4030
156 4033,4037,4036,4034,4035,4032
107 4072,4070,4059,4045,4051,4061,4067,4071,4065,4078,4064,4055,4074,4066,4043,4047,4054,4049,4063,4040,4069,4073,4039,4044,4075,4068,4050,4077,4038,4042,4046,4041,4079,4048,4057,4062,4076,4058,4052,4060,4056,4053
249 4084,4088,4086,4081,4090,4087,4089,4085,4080,4083,4091,4082
85 4103,4095,4101,4108,4100,4105,4107,4094,4099,4102,4097,4093,4106,4109,4104,4096,4092,4098
225 4122,4126,4120,4116,4121,4123,4114,4112,4113,4125,4110,4118,4111,4124,4119,4127,4117,4115
231 4130,4132,4133,4129,4131,4128
240 4134,4137,4135,4142,4136,4144,4141,4140,4138,4139,4143,4145
135 4157,4146,4156,4181,4166,4176,4158,4160,4161,4179,4165,4148,4180,4171,4159,4175,4169,4172,4152,4154,4167,4178,4151,4162,4163,4164,4147,4150,4155,4173,4174,4149,4177,4168,4170,4153
207 4183,4185,4182,4187,4186,4184
197 4203,4190,4202,4188,4201,4194,4196,4210,4192,4211,4204,4189,4198,4197,4195,4199,4191,4193,4200,4207,4205,4208,4206,4209
15 4216,4214,4217,4212,4213,4215
252 4232,4221,4222,4227,4224,4235,4226,4230,4218,4234,4233,4231,4228,4229,4223,4220,4219,4225
185 4246,4242,4239,4243,4245,4236,4241,4238,4237,4247,4244,4240
6 4269,4251,4249,4257,4270,4261,4258,4268,4263,4250,4260,4253,4252,4266,4267,4248,4271,4259,4262,4256,4254,4255,4265,4264
161 4304,4300,4308,4297,4276,4279,4294,4310,4313,4301,4302,4311,4307,4274,4290,4319,4275,4299,4312,4286,4291,4278,4277,4289,4309,4305,4295,4318,4282,4316,4280,4287,4292,4303,4315,4281,4314,4285,4317,4288,4283,4306,4273,4272,4293,4296,4284,4298
218 4327,4322,4330,4323,4326,4320,4329,4331,4321,4324,4328,4325
136 4334,4333,4340,4336,4332,4338,4342,4341,4337,4343,4335,4339
94 4354,4346,4345,4352,4347,4355,4348,4349,4351,4344,4350,4353
37 4371,4360,4368,4401,4369,4370,4374,4403,4385,4397,4390,4398,4362,4373,4388,4356,4393,4367,4375,4364,4391,4377,4372,4380,4395,4400,4402,4396,4386,4389,4376,4363,4387,4366,4381,4378,4392,4379,4361,4382,4383,4384,4399,4365,4394,4358,4359,4357
149 4461,4448,4431,4456,4465,4469,4421,4441,4424,4453,4417,4408,4439,4466,4446,4442,4438,4455,4458,4452,4468,4405,4450,4451,4418,4407,4427,4443,4463,4416,4423,4419,4449,4409,4454,4457,4412,4433,4467,4422,4445,4428,4436,4447,4415,4440,4430,4411,4413,4420,4432,4404,4464,4414,4437,4426,4429,4406,4462,4459,4460,4444,4410,4434,4435,4425
13 4472,4471,4474,4470,4473,4475
39 4479,4480,4476,4477,4481,4478
