234 5,11,9,2,3,1,10,7,4,0,8,6
1 32,34,19,30,27,21,24,25,26,31,14,16,36,23,17,28,13,20,22,40,33,35,29,12,39,15,18,38,41,37
4 48,47,44,42,46,45,50,52,51,53,43,49
16 65,63,56,64,55,61,54,59,57,58,60,62
18 66,83,91,70,108,106,94,103,113,99,98,82,95,69,110,97,74,76,85,89,84,90,68,100,92,104,71,107,111,101,72,96,75,93,78,102,80,86,67,81,87,79,73,88,109,112,77,105
19 114,124,120,123,115,121,118,116,122,117,119,125
21 153,157,159,129,158,160,126,146,150,147,141,144,142,155,137,128,161,145,138,156,136,127,151,149,143,154,140,131,148,132,135,139,152,134,133,130
23 170,164,176,163,174,167,175,172,169,162,166,168,171,179,165,178,173,177
24 187,184,185,183,188,189,181,182,186,191,190,180
25 203,194,193,202,199,200,201,198,196,195,192,197
28 209,217,216,206,207,218,214,213,212,215,211,205,210,208,204,220,219,221
30 226,237,233,223,238,222,230,236,225,235,232,234,224,227,239,231,229,228
31 257,251,252,248,250,241,256,244,245,247,240,249,253,246,243,254,255,242
32 260,269,275,266,270,259,265,261,273,263,262,278,267,264,276,274,271,277,281,272,258,268,279,280
216 290,296,299,282,315,312,283,309,286,300,289,291,292,320,302,311,323,307,317,301,304,297,298,294,313,310,316,285,287,284,295,305,293,303,314,306,319,288,308,318,322,321
34 331,332,358,360,335,364,373,368,374,343,371,336,345,367,324,359,354,340,349,377,362,347,361,326,351,346,339,363,341,353,342,333,329,365,350,375,344,325,327,330,348,355,352,376,366,369,334,328,337,338,356,357,370,372
40 382,384,392,395,381,391,390,380,387,385,379,383,389,388,378,394,386,393
41 401,396,402,400,409,410,404,403,408,411,405,397,412,399,406,398,407,413
42 417,426,420,425,416,421,414,422,428,430,424,419,415,431,418,429,427,423
199 436,435,433,434,437,432
160 450,441,456,444,457,452,451,473,469,448,461,454,449,472,464,439,468,459,443,446,460,467,440,442,470,458,463,455,445,462,465,471,453,466,438,447
47 486,520,485,495,503,475,509,514,482,513,488,519,505,504,480,497,474,494,476,517,507,484,508,502,500,499,477,510,511,501,493,481,516,490,506,498,483,479,489,487,478,491,518,515,492,496,512,521
78 524,541,547,542,549,544,534,526,529,539,530,532,543,536,551,545,550,537,535,533,548,546,540,525,527,538,528,523,531,522
48 558,554,563,553,562,556,552,559,555,557,561,560
53 569,568,564,575,573,574,570,572,571,566,567,565
250 586,591,584,583,589,579,587,577,581,582,576,580,585,578,588,590,592,593
49 596,598,603,605,604,595,594,599,602,600,597,601
257 610,609,606,611,607,608
22 623,618,619,620,622,613,615,617,612,616,614,621
67 633,640,646,659,642,655,626,639,634,637,624,644,643,628,638,653,635,645,630,658,650,627,625,632,648,631,636,656,652,629,649,647,654,651,657,641
68 663,672,674,666,677,685,669,668,692,691,680,675,693,665,688,687,661,667,689,683,686,670,694,660,679,673,684,678,664,676,681,682,671,662,695,690
69 703,700,705,696,707,699,704,701,706,702,698,697
71 714,708,722,710,711,725,713,712,716,709,724,715,721,719,718,720,723,717
74 736,731,728,734,732,730,735,727,729,737,733,726
75 758,755,793,765,761,741,775,754,774,742,756,759,796,745,753,790,769,777,795,776,763,748,768,760,766,778,787,773,781,783,782,771,751,770,757,788,744,784,797,786,789,743,762,746,792,780,779,772,738,747,767,740,785,764,749,752,739,794,750,791
76 799,803,798,801,800,802
159 808,805,814,807,806,810,809,812,813,815,811,804
80 835,853,829,843,882,909,893,876,887,891,831,904,848,828,850,872,823,826,840,908,834,827,817,838,902,854,833,852,847,845,869,842,859,911,851,906,900,889,894,816,818,821,883,890,855,822,905,897,898,873,886,884,863,830,825,907,868,832,881,896,861,903,836,858,820,899,860,885,867,864,849,870,878,874,865,839,910,824,892,880,895,901,846,871,879,862,888,844,875,819,856,857,841,837,866,877
82 919,924,912,922,921,914,927,913,915,916,925,920,928,917,926,918,929,923
83 969,962,959,945,960,967,937,938,970,942,947,932,954,930,957,950,935,975,974,936,946,940,948,977,972,943,956,951,963,968,953,952,933,964,976,949,965,939,966,973,971,931,934,961,944,958,941,955
84 982,980,981,978,983,979
87 1006,1000,994,1005,1012,1011,995,986,1004,1010,984,1008,999,1007,998,1002,1009,989,991,996,1003,990,992,987,988,985,997,1013,1001,993
88 1018,1016,1019,1015,1017,1014
90 1028,1024,1030,1029,1020,1031,1021,1027,1026,1023,1022,1025
92 1034,1039,1041,1035,1036,1032,1042,1033,1040,1038,1043,1037
96 1049,1045,1054,1048,1053,1044,1046,1047,1055,1051,1050,1052
98 1067,1062,1066,1057,1065,1061,1056,1058,1060,1059,1064,1063
97 1071,1079,1075,1078,1082,1073,1080,1074,1077,1085,1070,1069,1083,1072,1081,1084,1076,1068
102 1091,1089,1086,1087,1090,1088
190 1096,1094,1093,1097,1095,1092
105 1102,1101,1098,1103,1106,1105,1100,1104,1099,1108,1107,1109
50 1110,1113,1114,1112,1115,1111
106 1117,1121,1116,1118,1119,1120
108 1146,1128,1140,1143,1145,1129,1130,1149,1126,1127,1150,1131,1142,1132,1151,1139,1138,1147,1124,1123,1141,1148,1134,1144,1122,1125,1133,1136,1135,1137
112 1156,1163,1157,1161,1154,1158,1159,1152,1162,1160,1153,1155
119 1164,1179,1182,1183,1172,1165,1177,1178,1173,1167,1184,1175,1176,1171,1168,1174,1166,1187,1170,1181,1185,1186,1169,1180
120 1199,1189,1196,1192,1198,1188,1194,1191,1195,1197,1193,1190
121 1216,1203,1226,1213,1225,1222,1217,1218,1215,1208,1201,1214,1227,1212,1220,1200,1224,1223,1207,1209,1219,1205,1210,1228,1202,1221,1206,1229,1204,1211
122 1268,1269,1279,1231,1244,1237,1283,1255,1270,1242,1253,1271,1243,1261,1286,1232,1284,1272,1285,1230,1282,1275,1238,1239,1292,1248,1290,1263,1264,1259,1240,1274,1249,1288,1256,1257,1260,1289,1276,1252,1294,1295,1293,1277,1278,1234,1254,1281,1265,1273,1241,1247,1245,1287,1250,1236,1266,1235,1251,1267,1280,1246,1233,1258,1291,1262
65 1302,1301,1300,1297,1303,1299,1309,1310,1307,1308,1305,1298,1304,1306,1296,1313,1311,1312
124 1316,1319,1318,1315,1317,1314
125 1322,1321,1320,1325,1324,1323
115 1326,1331,1327,1330,1329,1328
126 1334,1332,1335,1333,1337,1336
128 1351,1338,1344,1346,1341,1348,1342,1339,1347,1345,1349,1340,1343,1355,1353,1352,1354,1350
131 1397,1424,1405,1399,1444,1387,1453,1438,1471,1365,1457,1417,1431,1458,1357,1448,1373,1383,1439,1428,1369,1456,1435,1395,1404,1377,1442,1460,1437,1474,1360,1359,1414,1363,1362,1356,1430,1391,1426,1361,1398,1406,1408,1418,1407,1394,1411,1462,1427,1463,1423,1366,1468,1389,1416,1401,1429,1390,1434,1433,1393,1385,1459,1422,1368,1364,1367,1451,1465,1421,1378,1455,1372,1475,1358,1464,1381,1410,1415,1384,1445,1400,1419,1443,1374,1469,1425,1402,1461,1388,1452,1379,1450,1382,1454,1371,1472,1413,1409,1396,1370,1375,1441,1473,1440,1470,1403,1386,1432,1447,1420,1412,1376,1446,1392,1467,1436,1380,1466,1449
129 1477,1481,1480,1479,1478,1476
130 1486,1484,1487,1483,1482,1485
134 1499,1490,1492,1491,1498,1489,1494,1496,1495,1493,1497,1488
138 1501,1504,1502,1500,1505,1503
142 1525,1521,1527,1512,1513,1510,1511,1515,1520,1507,1518,1514,1528,1517,1522,1516,1526,1508,1524,1519,1509,1523,1529,1506
144 1533,1531,1534,1530,1535,1532
60 1538,1555,1551,1561,1553,1576,1556,1577,1572,1566,1559,1536,1537,1550,1575,1563,1547,1557,1558,1539,1541,1565,1549,1542,1543,1548,1560,1571,1540,1562,1568,1570,1567,1544,1573,1564,1552,1569,1545,1574,1554,1546
146 1595,1584,1582,1579,1580,1578,1589,1594,1583,1590,1587,1592,1591,1585,1581,1593,1586,1588
147 1602,1600,1607,1610,1613,1608,1598,1605,1611,1601,1612,1604,1599,1597,1596,1603,1609,1606
148 1614,1616,1618,1619,1617,1615
151 1629,1623,1627,1621,1622,1624,1631,1626,1630,1625,1620,1628
152 1660,1641,1652,1647,1661,1643,1646,1632,1656,1666,1642,1665,1633,1653,1635,1663,1638,1650,1634,1659,1648,1639,1654,1645,1637,1658,1667,1657,1651,1655,1636,1664,1662,1640,1649,1644
153 1678,1694,1679,1673,1693,1696,1687,1668,1672,1685,1691,1695,1676,1682,1671,1692,1674,1697,1680,1677,1689,1681,1683,1669,1686,1675,1684,1688,1690,1670
165 1710,1709,1698,1705,1711,1713,1701,1706,1700,1703,1699,1702,1708,1715,1704,1707,1712,1714
167 1718,1719,1720,1721,1717,1716
168 1733,1728,1731,1724,1732,1730,1725,1729,1723,1726,1727,1722
169 1758,1745,1747,1753,1749,1764,1741,1735,1737,1765,1744,1742,1759,1746,1734,1762,1751,1767,1743,1766,1736,1754,1760,1756,1757,1738,1740,1768,1752,1769,1755,1748,1763,1761,1739,1750
171 1780,1778,1781,1771,1774,1772,1777,1779,1776,1770,1773,1775
172 1782,1783,1784,1787,1785,1786
175 1819,1799,1801,1809,1815,1813,1804,1803,1807,1817,1832,1822,1795,1808,1816,1823,1827,1798,1830,1820,1800,1811,1790,1835,1825,1794,1829,1812,1810,1805,1796,1831,1824,1806,1792,1802,1814,1828,1797,1791,1789,1818,1788,1821,1833,1793,1834,1826
177 1850,1839,1861,1854,1841,1845,1838,1863,1840,1844,1842,1860,1855,1837,1865,1843,1846,1849,1852,1847,1864,1857,1836,1853,1859,1851,1848,1862,1858,1856
178 1882,1874,1868,1876,1880,1866,1869,1875,1878,1867,1872,1883,1877,1873,1881,1871,1879,1870
179 1886,1884,1888,1885,1889,1887
182 1894,1893,1895,1890,1891,1892
183 1896,1901,1903,1897,1907,1904,1898,1905,1900,1899,1902,1906
73 1913,1914,1911,1923,1916,1917,1921,1920,1910,1912,1919,1925,1918,1908,1922,1924,1909,1915
184 1937,1930,1927,1931,1936,1933,1926,1928,1935,1929,1932,1934
186 1951,1952,1948,1946,1942,1945,1938,1959,1953,1947,1944,1949,1941,1961,1960,1958,1954,1950,1943,1939,1956,1940,1957,1955
187 1962,1967,1963,1978,1977,1990,1993,1987,1997,1968,1981,1974,1976,1966,1992,1971,1980,1979,1970,1975,1994,1996,1969,1986,1965,1973,1982,1984,1989,1991,1988,1983,1972,1985,1964,1995
255 1998,2003,2001,2004,1999,2008,2006,2002,2007,2005,2000,2009
188 2012,2017,2026,2029,2023,2014,2032,2027,2028,2022,2021,2016,2033,2020,2019,2025,2024,2030,2018,2031,2015,2010,2011,2013
109 2042,2056,2059,2053,2047,2038,2052,2058,2037,2046,2040,2060,2057,2061,2043,2034,2039,2041,2036,2044,2035,2062,2063,2051,2045,2049,2048,2055,2054,2050
191 2080,2078,2072,2090,2079,2066,2089,2091,2068,2070,2076,2067,2085,2083,2074,2069,2093,2073,2075,2077,2087,2084,2071,2064,2086,2092,2082,2088,2081,2065
193 2098,2097,2102,2100,2103,2094,2095,2099,2104,2101,2096,2105
194 2117,2112,2109,2123,2129,2124,2120,2106,2116,2110,2126,2127,2128,2111,2125,2121,2108,2119,2113,2114,2107,2118,2122,2115
196 2148,2146,2138,2143,2136,2159,2156,2158,2152,2133,2142,2149,2154,2139,2140,2155,2153,2147,2144,2134,2130,2135,2141,2132,2145,2131,2137,2151,2150,2157
198 2165,2164,2218,2188,2183,2184,2220,2223,2216,2171,2202,2199,2175,2204,2192,2222,2210,2205,2231,2196,2213,2227,2212,2197,2224,2217,2191,2243,2241,2179,2219,2180,2221,2225,2166,2203,2173,2232,2206,2162,2172,2169,2207,2230,2168,2181,2194,2160,2186,2200,2182,2208,2170,2161,2209,2167,2189,2174,2163,2229,2233,2239,2190,2235,2177,2237,2228,2198,2240,2238,2176,2185,2187,2242,2234,2215,2178,2211,2201,2236,2193,2214,2226,2195
200 2248,2249,2251,2245,2244,2253,2247,2255,2252,2250,2246,2254
201 2281,2268,2272,2265,2261,2277,2284,2282,2257,2259,2269,2283,2262,2274,2276,2263,2258,2285,2270,2267,2264,2280,2271,2279,2278,2266,2260,2273,2275,2256
202 2291,2288,2293,2294,2297,2287,2304,2303,2309,2299,2302,2312,2295,2300,2301,2310,2315,2313,2314,2311,2292,2290,2286,2296,2298,2305,2308,2306,2289,2307
204 2321,2320,2316,2318,2317,2319
206 2340,2329,2337,2323,2339,2342,2330,2335,2322,2327,2333,2345,2343,2331,2328,2338,2326,2341,2334,2325,2332,2336,2324,2344
208 2352,2347,2346,2357,2354,2355,2361,2367,2353,2358,2365,2369,2349,2366,2359,2360,2368,2351,2348,2364,2350,2356,2362,2363
245 2386,2372,2382,2371,2376,2385,2387,2370,2379,2373,2384,2374,2380,2377,2375,2381,2383,2378
209 2393,2394,2391,2398,2395,2399,2397,2388,2396,2390,2392,2389
210 2415,2421,2409,2403,2422,2410,2414,2423,2417,2419,2402,2412,2400,2406,2404,2405,2420,2401,2411,2413,2418,2416,2408,2407
214 2430,2438,2442,2429,2427,2436,2461,2451,2464,2439,2452,2447,2437,2443,2424,2457,2445,2440,2456,2450,2454,2453,2465,2449,2455,2433,2448,2434,2444,2431,2435,2459,2446,2425,2458,2428,2441,2463,2462,2432,2426,2460
215 2471,2467,2466,2469,2468,2470
217 2476,2475,2477,2473,2474,2472
219 2482,2478,2492,2484,2494,2495,2491,2479,2487,2493,2490,2481,2483,2488,2485,2480,2489,2486
221 2509,2512,2503,2504,2513,2499,2502,2506,2508,2510,2498,2505,2497,2500,2511,2496,2501,2507
222 2549,2545,2551,2561,2571,2548,2526,2563,2529,2544,2569,2572,2530,2515,2541,2559,2558,2540,2527,2538,2534,2573,2535,2564,2519,2555,2539,2516,2547,2536,2528,2554,2531,2566,2514,2537,2556,2562,2517,2542,2552,2565,2553,2532,2523,2525,2567,2570,2518,2546,2524,2522,2543,2521,2520,2568,2557,2550,2560,2533
223 2591,2584,2576,2574,2582,2589,2588,2579,2590,2578,2583,2575,2586,2587,2580,2585,2577,2581
227 2598,2601,2595,2608,2599,2607,2605,2596,2600,2606,2602,2597,2604,2593,2603,2609,2594,2592
229 2614,2611,2613,2612,2610,2615
232 2632,2633,2625,2623,2617,2621,2626,2629,2627,2622,2628,2618,2619,2620,2616,2624,2630,2631
235 2634,2635,2636,2637,2639,2638
236 2645,2643,2642,2640,2644,2641
110 2649,2647,2646,2651,2650,2648
239 2674,2657,2694,2659,2653,2678,2693,2698,2688,2695,2687,2685,2671,2684,2660,2699,2677,2663,2679,2696,2656,2669,2697,2666,2691,2682,2664,2667,2689,2683,2690,2661,2680,2658,2668,2655,2686,2672,2662,2670,2676,2665,2681,2654,2692,2675,2652,2673
55 2714,2717,2726,2727,2711,2707,2732,2708,2740,2712,2716,2723,2743,2721,2720,2710,2728,2700,2703,2734,2738,2746,2739,2735,2733,2745,2729,2709,2731,2724,2722,2705,2719,2715,2704,2725,2737,2744,2742,2730,2747,2706,2718,2702,2701,2713,2741,2736
246 2753,2749,2748,2752,2751,2750
248 2765,2766,2760,2755,2758,2762,2769,2763,2768,2761,2759,2771,2767,2757,2764,2754,2756,2770
253 2774,2782,2781,2780,2778,2775,2777,2773,2776,2783,2772,2779
254 2788,2785,2786,2787,2784,2789
256 2801,2798,2795,2791,2800,2790,2793,2797,2794,2799,2792,2796
258 2803,2816,2826,2846,2841,2802,2809,2815,2831,2845,2822,2812,2832,2835,2840,2839,2843,2808,2830,2805,2804,2827,2848,2810,2833,2829,2837,2820,2834,2836,2849,2844,2811,2823,2807,2813,2817,2838,2819,2818,2828,2821,2814,2824,2806,2847,2825,2842
259 2855,2854,2856,2853,2860,2852,2859,2858,2851,2857,2850,2861
260 2868,2875,2879,2878,2862,2865,2874,2864,2877,2863,2872,2870,2876,2871,2866,2867,2869,2873
262 2886,2884,2880,2891,2889,2883,2888,2881,2882,2890,2885,2887
263 2900,2914,2899,2893,2897,2902,2895,2905,2896,2898,2904,2915,2911,2912,2892,2894,2908,2913,2907,2901,2909,2910,2906,2903
123 2924,2930,2929,2920,2931,2926,2921,2928,2919,2922,2925,2916,2923,2927,2918,2932,2933,2917
224 2945,2940,2935,2941,2939,2937,2942,2944,2934,2943,2938,2936
103 2956,2951,2959,2960,2966,2961,2968,2965,2947,2953,2952,2958,2954,2946,2962,2955,2950,2957,2963,2949,2964,2969,2948,2967
5 2979,2978,2977,2976,2970,2975,2974,2971,2973,2980,2972,2981
62 2998,2990,3001,2985,2994,2993,2982,2991,3002,2997,2995,3005,2999,2996,2986,2988,2983,3004,3000,2989,2987,3003,2992,2984
145 3035,3022,3032,3024,3034,3040,3018,3031,3007,3012,3036,3015,3026,3010,3030,3038,3021,3006,3019,3008,3027,3020,3028,3041,3025,3033,3011,3029,3039,3037,3009,3013,3017,3014,3023,3016
72 3047,3044,3046,3043,3042,3045
163 3105,3101,3106,3072,3061,3057,3067,3100,3052,3103,3058,3098,3077,3081,3085,3073,3097,3049,3071,3089,3056,3086,3066,3090,3091,3076,3084,3087,3107,3050,3059,3078,3082,3069,3051,3080,3093,3088,3065,3074,3102,3068,3075,3064,3055,3062,3054,3092,3094,3060,3099,3063,3079,3104,3070,3053,3096,3048,3095,3083
150 3109,3112,3110,3108,3113,3111
38 3114,3119,3117,3116,3115,3118
8 3123,3130,3120,3125,3126,3124,3129,3136,3132,3131,3122,3127,3121,3134,3135,3133,3137,3128
27 3138,3142,3143,3139,3140,3141
79 3146,3145,3149,3147,3144,3148
61 3155,3167,3181,3170,3171,3176,3152,3179,3157,3165,3174,3156,3162,3161,3184,3173,3150,3182,3183,3160,3164,3177,3163,3175,3180,3166,3159,3169,3151,3178,3172,3185,3153,3168,3154,3158
176 3194,3195,3202,3203,3198,3196,3189,3200,3193,3186,3197,3201,3190,3188,3192,3187,3191,3199
154 3217,3220,3221,3209,3213,3208,3207,3210,3216,3214,3212,3215,3219,3211,3206,3205,3218,3204
33 3223,3224,3226,3225,3222,3227
7 3239,3232,3228,3230,3231,3237,3233,3242,3229,3241,3240,3236,3245,3234,3244,3235,3243,3238
189 3248,3247,3250,3249,3251,3246
89 3259,3256,3258,3277,3254,3290,3279,3263,3265,3272,3285,3281,3275,3252,3269,3278,3286,3260,3288,3282,3280,3274,3255,3257,3271,3270,3262,3253,3267,3284,3283,3289,3293,3287,3264,3276,3268,3291,3266,3292,3273,3261
100 3298,3301,3295,3297,3296,3305,3304,3299,3302,3300,3294,3303
17 3310,3311,3308,3309,3306,3307
35 3313,3316,3312,3314,3317,3315
63 3318,3319,3320,3321,3322,3323
2 3341,3336,3337,3346,3330,3329,3326,3333,3324,3347,3335,3344,3340,3345,3325,3343,3342,3327,3328,3339,3334,3331,3332,3338
58 3354,3352,3353,3351,3348,3358,3357,3350,3355,3349,3356,3359
173 3372,3368,3365,3362,3377,3369,3363,3360,3371,3361,3364,3366,3376,3374,3367,3370,3373,3375
158 3382,3379,3381,3383,3380,3378
113 3432,3402,3423,3390,3397,3399,3422,3436,3424,3426,3391,3405,3387,3416,3421,3403,3425,3430,3419,3420,3412,3385,3407,3414,3418,3417,3415,3394,3406,3434,3393,3437,3384,3413,3431,3410,3396,3401,3400,3408,3404,3433,3409,3388,3427,3395,3435,3428,3429,3411,3398,3389,3392,3386
114 3442,3438,3443,3439,3441,3440
9 3459,3458,3445,3453,3450,3465,3466,3452,3449,3463,3451,3467,3444,3446,3460,3457,3454,3455,3461,3464,3462,3447,3448,3456
251 3471,3469,3470,3468,3472,3473
43 3477,3479,3478,3476,3474,3475
10 3489,3487,3495,3497,3488,3485,3484,3492,3481,3486,3482,3494,3496,3483,3490,3493,3480,3491
241 3499,3498,3502,3503,3500,3501
226 3505,3520,3517,3508,3523,3521,3519,3516,3514,3506,3524,3511,3522,3527,3518,3526,3509,3512,3504,3513,3510,3525,3507,3515
155 3545,3538,3533,3542,3543,3544,3529,3535,3557,3539,3534,3547,3531,3551,3552,3549,3537,3541,3555,3530,3546,3540,3553,3548,3550,3536,3528,3532,3554,3556
164 3558,3559,3562,3563,3561,3560
81 3567,3573,3587,3581,3572,3575,3578,3585,3584,3565,3568,3566,3579,3586,3569,3577,3583,3570,3574,3576,3582,3571,3564,3580
44 3590,3591,3592,3588,3589,3593
20 3605,3604,3597,3598,3595,3594,3596,3600,3599,3602,3601,3603
45 3616,3614,3620,3623,3607,3615,3617,3618,3609,3606,3612,3621,3622,3619,3610,3608,3613,3611
77 3628,3648,3659,3658,3626,3638,3627,3665,3643,3642,3667,3657,3637,3660,3663,3661,3671,3656,3653,3629,3664,3646,3650,3669,3644,3630,3645,3670,3632,3624,3633,3668,3641,3654,3647,3631,3652,3666,3655,3634,3649,3640,3662,3635,3636,3625,3651,3639
11 3679,3676,3675,3681,3680,3677,3683,3678,3682,3672,3674,3673
203 3693,3699,3702,3715,3712,3703,3687,3688,3690,3695,3718,3706,3701,3717,3708,3709,3705,3691,3714,3719,3707,3698,3694,3684,3696,3686,3716,3692,3697,3700,3704,3685,3713,3689,3710,3711
230 3727,3730,3728,3731,3726,3721,3729,3725,3723,3722,3720,3724
181 3733,3743,3739,3736,3755,3751,3749,3738,3754,3752,3744,3753,3748,3746,3741,3747,3750,3742,3740,3732,3735,3734,3737,3745
57 3761,3758,3760,3757,3756,3759
213 3772,3764,3774,3773,3763,3769,3771,3768,3767,3776,3770,3775,3762,3766,3779,3777,3765,3778
3 3789,3790,3784,3783,3787,3780,3785,3781,3786,3791,3788,3782
228 3794,3821,3805,3809,3807,3817,3803,3813,3801,3792,3796,3820,3819,3810,3816,3804,3811,3795,3818,3797,3802,3814,3793,3798,3808,3812,3806,3815,3799,3800
139 3825,3836,3830,3824,3822,3842,3844,3840,3843,3839,3827,3828,3832,3829,3831,3826,3838,3823,3845,3837,3841,3834,3835,3833
46 3872,3862,3851,3865,3878,3877,3859,3866,3874,3857,3879,3856,3849,3861,3870,3847,3869,3850,3867,3852,3871,3880,3875,3858,3868,3876,3863,3846,3848,3855,3853,3860,3864,3881,3854,3873
64 3894,3923,3910,3884,3917,3882,3888,3892,3904,3920,3885,3925,3890,3897,3938,3901,3918,3912,3940,3898,3922,3926,3900,3941,3914,3937,3927,3939,3903,3934,3909,3936,3915,3913,3931,3933,3908,3893,3921,3899,3930,3889,3929,3924,3935,3895,3886,3916,3887,3932,3883,3919,3928,3906,3902,3911,3891,3905,3907,3896
26 3947,3943,3946,3942,3944,3945
243 3949,3948,3952,3950,3951,3953
91 3959,3956,3957,3958,3954,3955
0 3961,3964,3963,3965,3960,3962
162 3968,3973,3989,3979,3969,3976,3975,3971,3983,3967,3972,3978,3981,3986,3984,3980,3987,3970,3966,3988,3977,3985,3974,3982
132 3990,3991,3993,3994,3998,3999,3995,4000,3997,3992,4001,3996
36 4019,4005,4018,4011,4009,4023,4006,4015,4022,4020,4021,4028,4026,4024,4016,4008,4031,4010,4013,4030,4002,4029,4025,4017,4007,4004,4012,4027,4003,4014
156 4033,4034,4037,4036,4035,4032
107 4043,4079,4071,4038,4048,4041,4045,4078,4040,4062,4063,4064,4044,4077,4051,4047,4050,4055,4066,4053,4065,4073,4046,4074,4049,4060,4054,4067,4061,4076,4059,4052,4056,4072,4042,4069,4039,4068,4075,4057,4070,4058
249 4089,4085,4087,4081,4080,4091,4082,4090,4084,4083,4086,4088
85 4108,4098,4095,4107,4099,4092,4104,4109,4093,4096,4102,4103,4105,4097,4100,4106,4101,4094
225 4127,4120,4125,4114,4115,4117,4126,4116,4124,4123,4113,4118,4119,4111,4121,4110,4122,4112
231 4133,4132,4131,4128,4129,4130
240 4136,4144,4141,4142,4145,4134,4140,4143,4139,4137,4135,4138
135 4163,4159,4171,4174,4178,4156,4179,4165,4172,4168,4170,4149,4160,4158,4152,4162,4175,4161,4150,4153,4155,4169,4146,4176,4151,4181,4167,4147,4166,4157,4148,4173,4154,4164,4180,4177
207 4186,4187,4182,4185,4183,4184
197 4195,4200,4189,4210,4202,4188,4198,4206,4191,4192,4201,4193,4207,4208,4203,4199,4209,4205,4194,4197,4204,4211,4196,4190
15 4214,4215,4213,4212,4217,4216
252 4221,4233,4222,4225,4229,4231,4232,4218,4220,4223,4234,4219,4226,4230,4224,4228,4227,4235
185 4236,4241,4242,4240,4247,4243,4244,4238,4237,4246,4245,4239
6 4262,4266,4261,4253,4249,4257,4255,4264,4265,4254,4263,4256,4248,4268,4270,4260,4269,4258,4267,4252,4271,4250,4259,4251
161 4294,4283,4307,4282,4297,4314,4289,4308,4280,4272,4306,4296,4285,4292,4274,4278,4293,4284,4288,4303,4309,4305,4299,4302,4301,4318,4276,4290,4300,4273,4298,4281,4317,4304,4277,4315,4275,4319,4313,4286,4311,4287,4291,4312,4310,4316,4295,4279
218 4329,4331,4324,4321,4327,4325,4322,4328,4320,4330,4323,4326
136 4334,4333,4339,4336,4337,4341,4335,4343,4332,4340,4338,4342
94 4346,4345,4347,4350,4351,4353,4349,4344,4352,4348,4355,4354
37 4363,4362,4376,4368,4396,4378,4369,4394,4399,4364,4372,4365,4358,4357,4391,4381,4383,4389,4373,4375,4384,4401,4398,4393,4359,4392,4390,4356,4385,4379,4387,4388,4395,4374,4402,4397,4371,4380,4366,4361,4400,4377,4367,4382,4360,4386,4403,4370
149 4417,4450,4454,4449,4459,4412,4451,4455,4460,4446,4453,4441,4407,4458,4423,4457,4465,4404,4462,4411,4410,4464,4435,4469,4452,4433,4414,4440,4426,4429,4413,4428,4409,4420,4463,4442,4408,4418,4436,4432,4468,4445,4427,4434,4419,4425,4406,4456,4447,4461,4437,4424,4421,4439,4467,4444,4431,4448,4415,4416,4430,4422,4405,4443,4466,4438
13 4475,4472,4471,4473,4470,4474
39 4478,4476,4480,4477,4481,4479
