234 9,6,0,7,2,1,8,4,10,3,5,11
1 37,41,21,18,38,33,28,39,23,22,15,40,20,26,13,35,12,14,30,16,36,29,19,31,32,17,25,34,27,24
4 45,53,47,43,42,44,49,51,50,52,46,48
16 62,61,63,57,54,58,60,59,55,65,64,56
18 93,67,110,112,105,101,77,88,73,94,85,81,109,79,111,74,75,102,69,104,96,80,72,95,68,86,71,78,89,107,82,97,87,99,100,103,92,90,98,76,70,106,113,84,108,91,66,83
19 122,123,117,125,124,116,119,118,120,114,121,115
21 154,131,126,160,134,133,130,140,152,145,148,132,155,139,143,144,135,129,150,149,142,137,128,151,141,127,158,161,147,138,156,157,136,159,153,146
23 177,165,169,178,163,171,173,172,168,162,164,166,175,176,179,170,167,174
24 185,191,181,190,180,183,189,182,184,186,188,187
25 198,195,203,196,192,197,200,201,202,193,199,194
28 214,204,220,221,210,213,206,211,218,209,205,219,212,208,215,207,216,217
30 231,228,226,222,239,229,225,236,224,234,227,223,232,230,235,238,237,233
31 253,250,244,251,254,255,245,246,241,242,243,247,248,256,249,240,252,257
32 265,280,260,278,274,279,272,281,268,277,266,275,263,264,258,261,276,271,273,269,259,267,262,270
216 284,314,287,300,288,315,322,306,303,295,319,320,305,321,317,308,313,293,318,298,310,285,323,286,297,292,299,294,307,311,291,316,304,289,309,301,302,282,312,283,296,290
34 325,327,350,337,338,376,351,362,344,339,370,348,355,361,372,326,354,352,330,333,334,368,356,328,343,347,359,324,342,366,369,341,371,365,329,335,377,363,345,336,349,357,340,367,364,373,332,353,346,375,374,358,360,331
40 386,391,393,394,384,378,383,390,387,388,379,389,381,380,385,392,395,382
41 411,406,398,413,397,407,405,408,399,404,412,401,400,403,396,402,410,409
42 427,426,415,418,425,421,424,419,429,420,416,428,430,422,431,414,423,417
199 432,437,435,434,436,433
160 455,467,472,469,451,444,471,464,453,447,443,466,465,438,445,446,459,442,463,460,473,470,440,457,454,439,468,458,462,461,448,449,452,456,450,441
47 493,488,489,476,510,514,491,496,483,484,515,516,512,519,507,506,508,517,498,487,478,521,481,499,509,477,502,479,513,518,504,505,500,482,501,511,474,490,492,497,495,494,520,485,503,480,486,475
78 551,530,548,534,535,543,527,539,540,533,523,525,531,546,528,536,550,538,526,522,545,529,537,542,549,541,547,544,532,524
48 560,562,563,557,561,555,556,554,552,559,558,553
53 567,566,565,564,575,573,574,571,568,572,570,569
250 593,577,592,580,584,578,582,587,576,588,581,583,590,579,585,589,591,586
49 599,597,603,594,601,605,600,595,602,604,598,596
257 610,608,607,606,611,609
22 622,619,614,621,615,617,612,620,613,616,623,618
67 636,624,641,656,647,646,651,625,627,654,631,657,629,638,650,652,653,658,643,649,644,632,648,635,630,628,634,626,655,633,645,642,637,640,659,639
68 685,662,682,694,660,665,690,671,664,687,673,676,667,681,692,695,689,684,679,691,670,678,683,686,661,675,672,674,688,669,677,680,668,666,693,663
69 697,698,696,701,707,702,699,704,700,706,705,703
71 709,719,717,712,711,720,721,715,718,723,713,724,722,710,725,708,714,716
74 729,735,737,726,732,733,727,731,730,734,736,728
75 791,789,767,748,790,750,739,749,775,782,769,773,752,779,772,783,780,747,794,768,788,785,760,751,762,787,740,745,764,766,763,797,777,744,795,746,757,743,792,753,770,778,771,738,786,754,756,759,765,742,741,784,796,761,781,776,755,758,774,793
76 802,798,803,800,799,801
159 804,805,808,813,815,809,811,810,806,812,807,814
80 864,877,817,820,837,901,847,869,832,866,856,875,844,829,857,888,860,883,892,881,865,903,845,878,834,846,863,873,855,895,879,910,862,858,833,824,905,849,836,907,900,874,818,841,823,830,867,885,897,826,859,839,884,819,890,838,880,852,825,896,899,906,876,891,898,827,886,842,835,870,822,908,871,893,887,894,851,840,850,868,889,904,848,872,882,911,821,861,828,843,909,831,816,854,853,902
82 927,922,918,923,920,929,928,925,917,921,926,916,913,915,924,914,912,919
83 964,958,971,959,941,955,943,961,934,944,940,947,949,966,939,974,965,932,957,963,972,951,931,976,946,935,968,942,936,970,933,953,930,973,954,977,975,950,948,960,956,952,967,945,938,937,969,962
84 979,978,983,980,982,981
87 993,987,997,985,1001,1003,996,991,990,1007,992,1013,998,989,1010,1008,995,988,1009,994,1006,1002,1011,986,999,1004,1012,1000,984,1005
88 1019,1014,1018,1017,1016,1015
90 1020,1029,1024,1021,1023,1025,1022,1027,1026,1031,1030,1028
92 1040,1032,1043,1041,1037,1038,1033,1036,1042,1035,1039,1034
96 1052,1054,1048,1045,1047,1055,1053,1044,1046,1050,1049,1051
98 1066,1057,1059,1061,1063,1060,1058,1064,1056,1062,1065,1067
97 1083,1073,1069,1068,1079,1076,1072,1081,1074,1080,1084,1082,1070,1085,1077,1078,1075,1071
102 1087,1088,1090,1086,1091,1089
190 1094,1092,1095,1093,1097,1096
105 1109,1107,1099,1106,1102,1100,1108,1103,1105,1104,1098,1101
50 1111,1112,1114,1115,1113,1110
106 1116,1120,1119,1118,1117,1121
108 1135,1125,1124,1130,1133,1122,1126,1137,1127,1144,1151,1147,1136,1139,1141,1148,1142,1149,1145,1132,1138,1134,1150,1131,1143,1123,1128,1140,1146,1129
112 1160,1163,1157,1161,1154,1153,1152,1155,1162,1159,1158,1156
119 1185,1180,1167,1186,1174,1181,1166,1170,1187,1177,1168,1183,1171,1176,1165,1169,1178,1175,1173,1172,1182,1164,1184,1179
120 1190,1189,1193,1197,1191,1195,1192,1198,1194,1188,1196,1199
121 1227,1211,1223,1222,1206,1220,1229,1215,1204,1219,1207,1202,1214,1221,1200,1210,1225,1226,1224,1228,1205,1212,1209,1218,1203,1217,1213,1208,1201,1216
122 1264,1247,1233,1259,1262,1232,1244,1263,1265,1282,1246,1245,1236,1275,1238,1288,1291,1234,1251,1274,1266,1243,1250,1290,1258,1239,1267,1293,1286,1272,1285,1281,1273,1257,1294,1254,1278,1295,1287,1248,1276,1260,1235,1241,1240,1277,1271,1242,1255,1280,1253,1289,1237,1270,1292,1256,1284,1279,1252,1249,1283,1230,1269,1268,1261,1231
65 1298,1313,1303,1296,1310,1312,1306,1311,1304,1307,1308,1300,1297,1301,1299,1309,1302,1305
124 1314,1318,1315,1317,1319,1316
125 1323,1320,1324,1325,1322,1321
115 1328,1327,1329,1330,1326,1331
126 1336,1337,1332,1335,1334,1333
128 1340,1343,1354,1350,1353,1346,1352,1349,1355,1347,1339,1341,1348,1345,1342,1344,1338,1351
131 1466,1449,1400,1396,1469,1415,1436,1359,1464,1468,1459,1420,1467,1412,1376,1402,1409,1447,1429,1472,1419,1382,1441,1450,1446,1443,1372,1431,1423,1391,1410,1388,1392,1385,1380,1421,1371,1394,1367,1386,1413,1451,1433,1440,1375,1370,1432,1470,1379,1384,1453,1461,1401,1452,1404,1425,1416,1368,1361,1455,1397,1473,1393,1374,1358,1369,1406,1356,1364,1403,1398,1426,1408,1437,1445,1381,1462,1422,1454,1366,1475,1463,1395,1373,1418,1411,1460,1465,1362,1399,1363,1457,1427,1435,1434,1428,1390,1378,1442,1474,1383,1407,1389,1439,1417,1377,1448,1438,1360,1458,1387,1357,1430,1414,1365,1456,1405,1471,1424,1444
129 1478,1480,1479,1476,1481,1477
130 1487,1482,1485,1484,1486,1483
134 1497,1496,1488,1490,1493,1491,1498,1495,1499,1494,1492,1489
138 1504,1503,1502,1500,1505,1501
142 1529,1506,1509,1523,1525,1519,1526,1524,1528,1520,1507,1508,1522,1517,1515,1518,1514,1516,1521,1511,1510,1527,1512,1513
144 1530,1535,1533,1534,1532,1531
60 1543,1546,1565,1547,1574,1545,1569,1542,1568,1549,1571,1537,1572,1566,1554,1548,1544,1562,1540,1573,1563,1567,1536,1560,1539,1576,1570,1558,1541,1559,1564,1577,1556,1575,1550,1552,1561,1557,1553,1551,1555,1538
146 1581,1593,1592,1583,1591,1586,1588,1590,1579,1589,1585,1587,1578,1594,1584,1580,1582,1595
147 1603,1604,1598,1599,1609,1612,1601,1606,1611,1607,1596,1610,1600,1605,1608,1597,1613,1602
148 1619,1617,1618,1615,1616,1614
151 1620,1628,1629,1626,1625,1630,1622,1631,1627,1623,1624,1621
152 1659,1633,1640,1653,1644,1636,1641,1665,1651,1664,1645,1648,1662,1657,1658,1654,1649,1667,1642,1639,1638,1655,1637,1632,1646,1650,1643,1661,1635,1634,1647,1660,1663,1656,1666,1652
153 1670,1686,1688,1690,1671,1692,1693,1695,1669,1684,1675,1681,1672,1674,1677,1696,1689,1676,1683,1680,1682,1697,1687,1673,1668,1679,1694,1691,1685,1678
165 1712,1701,1707,1705,1699,1702,1715,1714,1708,1703,1700,1711,1706,1713,1704,1698,1710,1709
167 1720,1716,1721,1717,1719,1718
168 1722,1726,1725,1727,1730,1723,1729,1732,1728,1731,1724,1733
169 1748,1750,1738,1755,1761,1743,1739,1768,1769,1759,1740,1763,1752,1757,1762,1756,1765,1734,1760,1742,1754,1744,1746,1767,1751,1749,1735,1737,1736,1741,1766,1764,1753,1747,1745,1758
171 1774,1775,1778,1773,1770,1781,1776,1777,1772,1779,1771,1780
172 1786,1785,1787,1782,1783,1784
175 1826,1792,1833,1788,1794,1803,1793,1791,1796,1801,1800,1818,1808,1812,1789,1797,1825,1790,1821,1802,1811,1806,1832,1823,1834,1827,1799,1814,1824,1810,1805,1816,1819,1828,1835,1798,1822,1807,1820,1804,1829,1831,1809,1813,1817,1815,1830,1795
177 1864,1856,1845,1855,1858,1840,1862,1848,1865,1859,1853,1846,1850,1837,1847,1849,1842,1838,1863,1844,1836,1857,1851,1839,1843,1854,1861,1841,1860,1852
178 1877,1881,1869,1876,1872,1870,1873,1871,1883,1875,1882,1880,1867,1868,1879,1878,1866,1874
179 1889,1888,1885,1887,1884,1886
182 1890,1891,1892,1895,1894,1893
183 1900,1901,1898,1905,1906,1903,1902,1907,1897,1899,1904,1896
73 1913,1909,1925,1917,1922,1915,1918,1908,1924,1912,1910,1921,1919,1916,1914,1920,1923,1911
184 1935,1932,1934,1928,1926,1927,1931,1933,1936,1929,1937,1930
186 1943,1953,1945,1956,1957,1940,1961,1947,1952,1939,1941,1950,1942,1938,1955,1946,1944,1960,1958,1959,1954,1948,1949,1951
187 1995,1985,1972,1964,1987,1983,1975,1966,1973,1988,1994,1974,1980,1984,1990,1997,1965,1986,1976,1993,1996,1989,1963,1982,1970,1968,1992,1991,1978,1969,1981,1971,1967,1977,1979,1962
255 2005,2000,2006,2007,2009,1999,2002,1998,2008,2004,2003,2001
188 2013,2010,2031,2015,2017,2011,2023,2014,2030,2024,2033,2032,2027,2018,2022,2029,2025,2020,2019,2021,2026,2028,2016,2012
109 2047,2042,2050,2056,2038,2048,2045,2051,2054,2058,2062,2039,2034,2046,2063,2055,2041,2043,2036,2049,2037,2052,2040,2035,2061,2057,2059,2060,2044,2053
191 2083,2086,2081,2065,2068,2090,2093,2092,2067,2073,2084,2082,2076,2074,2069,2070,2091,2064,2088,2085,2077,2079,2089,2087,2075,2071,2066,2078,2072,2080
193 2105,2095,2103,2101,2097,2098,2102,2099,2094,2104,2100,2096
194 2119,2115,2118,2123,2114,2112,2117,2113,2121,2122,2111,2108,2107,2127,2109,2110,2116,2124,2126,2125,2128,2120,2106,2129
196 2134,2144,2151,2158,2133,2132,2157,2141,2130,2140,2137,2131,2154,2150,2138,2149,2142,2155,2139,2135,2147,2145,2146,2159,2153,2156,2136,2152,2148,2143
198 2167,2240,2198,2214,2176,2178,2195,2226,2213,2217,2215,2208,2230,2234,2218,2206,2216,2242,2184,2229,2211,2225,2236,2187,2193,2174,2186,2190,2201,2161,2200,2185,2172,2173,2235,2168,2237,2194,2238,2228,2233,2219,2239,2231,2196,2212,2177,2180,2189,2182,2160,2188,2162,2243,2202,2169,2224,2197,2209,2221,2203,2163,2166,2241,2222,2175,2207,2205,2181,2232,2179,2223,2171,2191,2227,2204,2170,2183,2199,2220,2210,2165,2164,2192
200 2254,2252,2244,2245,2246,2255,2247,2253,2250,2249,2251,2248
201 2264,2258,2256,2282,2266,2273,2275,2278,2277,2259,2280,2269,2260,2267,2285,2279,2263,2270,2271,2276,2262,2257,2283,2284,2261,2274,2281,2272,2268,2265
202 2300,2289,2307,2288,2290,2306,2309,2311,2305,2301,2308,2298,2295,2314,2296,2303,2313,2312,2299,2315,2302,2310,2297,2294,2287,2292,2293,2286,2304,2291
204 2319,2318,2317,2316,2320,2321
206 2326,2328,2324,2332,2323,2344,2336,2341,2335,2338,2334,2325,2331,2339,2345,2333,2343,2330,2342,2327,2322,2340,2329,2337
208 2363,2349,2362,2367,2356,2350,2364,2365,2358,2368,2359,2360,2366,2369,2361,2351,2353,2348,2357,2354,2346,2355,2347,2352
245 2375,2377,2386,2387,2376,2373,2378,2383,2384,2379,2381,2385,2374,2380,2370,2382,2372,2371
209 2389,2388,2395,2392,2396,2399,2390,2397,2391,2393,2398,2394
210 2409,2407,2421,2406,2414,2404,2402,2416,2408,2423,2418,2400,2417,2420,2412,2413,2422,2401,2405,2403,2410,2419,2411,2415
214 2424,2446,2426,2444,2464,2462,2463,2435,2430,2439,2456,2432,2441,2431,2433,2425,2448,2428,2458,2459,2440,2447,2460,2449,2437,2443,2452,2453,2454,2427,2434,2450,2457,2455,2465,2445,2461,2451,2436,2429,2442,2438
215 2471,2468,2470,2466,2469,2467
217 2472,2473,2477,2474,2475,2476
219 2487,2484,2480,2488,2485,2486,2478,2491,2479,2489,2492,2490,2483,2481,2494,2493,2482,2495
221 2508,2507,2506,2511,2513,2510,2500,2505,2512,2501,2496,2497,2499,2504,2503,2502,2498,2509
222 2533,2553,2537,2568,2566,2557,2560,2521,2531,2534,2572,2539,2543,2519,2570,2522,2556,2528,2565,2559,2552,2536,2567,2524,2550,2547,2573,2525,2546,2532,2540,2554,2558,2520,2542,2555,2517,2535,2518,2529,2562,2527,2514,2564,2516,2538,2523,2548,2541,2563,2571,2544,2530,2526,2569,2545,2515,2561,2549,2551
223 2577,2591,2585,2587,2583,2580,2578,2581,2589,2575,2590,2584,2576,2586,2574,2588,2579,2582
227 2604,2592,2599,2594,2606,2593,2597,2596,2609,2602,2603,2595,2600,2608,2607,2601,2598,2605
229 2613,2615,2612,2610,2611,2614
232 2616,2617,2626,2631,2630,2618,2622,2620,2629,2624,2619,2628,2633,2623,2632,2627,2621,2625
235 2639,2636,2638,2637,2635,2634
236 2643,2641,2642,2640,2644,2645
110 2648,2649,2647,2650,2646,2651
239 2673,2665,2687,2679,2676,2675,2652,2662,2670,2658,2677,2668,2654,2667,2661,2683,2686,2682,2678,2669,2695,2672,2690,2699,2693,2664,2680,2691,2697,2671,2655,2688,2681,2696,2653,2684,2692,2663,2659,2666,2656,2698,2689,2657,2660,2694,2674,2685
55 2736,2723,2713,2701,2747,2702,2735,2746,2717,2741,2730,2737,2745,2715,2742,2706,2743,2721,2719,2744,2718,2704,2724,2725,2722,2731,2734,2740,2703,2709,2714,2739,2710,2720,2733,2738,2708,2700,2732,2705,2729,2711,2728,2716,2707,2727,2726,2712
246 2749,2750,2751,2752,2748,2753
248 2764,2769,2754,2766,2757,2756,2770,2767,2771,2759,2761,2762,2758,2768,2763,2760,2765,2755
253 2779,2777,2780,2783,2772,2773,2775,2778,2776,2781,2782,2774
254 2789,2787,2785,2784,2786,2788
256 2794,2790,2792,2796,2799,2797,2795,2800,2793,2791,2801,2798
258 2844,2819,2828,2847,2842,2825,2812,2815,2834,2811,2807,2813,2838,2821,2843,2836,2808,2824,2818,2814,2833,2849,2848,2820,2823,2817,2837,2829,2839,2831,2806,2830,2832,2805,2827,2810,2841,2845,2840,2846,2835,2804,2826,2802,2816,2803,2809,2822
259 2861,2851,2857,2858,2852,2856,2860,2853,2850,2859,2855,2854
260 2873,2877,2876,2875,2866,2871,2874,2863,2878,2872,2867,2869,2862,2864,2879,2865,2870,2868
262 2890,2883,2885,2882,2887,2891,2886,2888,2880,2889,2881,2884
263 2910,2901,2915,2909,2906,2903,2913,2896,2907,2912,2892,2902,2905,2908,2895,2899,2894,2911,2893,2898,2897,2914,2904,2900
123 2917,2933,2931,2921,2925,2918,2927,2916,2932,2929,2923,2926,2922,2928,2930,2920,2919,2924
224 2938,2937,2936,2942,2943,2934,2944,2939,2935,2941,2945,2940
103 2963,2950,2967,2948,2954,2969,2962,2955,2949,2947,2957,2965,2958,2968,2964,2961,2951,2966,2952,2953,2946,2960,2959,2956
5 2971,2978,2972,2981,2980,2976,2973,2970,2975,2974,2979,2977
62 2992,2984,2991,3003,3000,2987,3004,2989,2988,2996,2983,2995,2986,3005,3001,2997,2985,2993,2994,2999,2990,2998,3002,2982
145 3029,3011,3017,3016,3012,3033,3020,3021,3014,3039,3030,3037,3015,3041,3013,3038,3023,3025,3009,3028,3027,3006,3035,3008,3040,3010,3026,3031,3019,3018,3034,3007,3024,3036,3022,3032
72 3044,3042,3046,3045,3047,3043
163 3093,3083,3099,3095,3053,3070,3056,3105,3096,3076,3069,3055,3063,3062,3085,3080,3054,3102,3107,3094,3104,3048,3065,3059,3064,3078,3075,3098,3074,3049,3092,3088,3106,3072,3060,3084,3087,3050,3071,3089,3066,3079,3068,3061,3051,3091,3058,3052,3073,3067,3086,3077,3100,3097,3090,3082,3103,3081,3057,3101
150 3108,3110,3113,3112,3111,3109
38 3118,3116,3119,3115,3114,3117
8 3122,3128,3125,3121,3137,3129,3136,3133,3135,3134,3132,3131,3127,3126,3123,3124,3120,3130
27 3140,3141,3139,3142,3143,3138
79 3148,3145,3149,3147,3146,3144
61 3168,3172,3161,3158,3166,3162,3180,3183,3169,3185,3156,3151,3178,3154,3157,3164,3175,3160,3153,3177,3159,3165,3184,3163,3182,3173,3152,3174,3150,3176,3181,3171,3179,3167,3170,3155
176 3190,3197,3194,3188,3191,3196,3187,3186,3189,3201,3199,3193,3192,3200,3203,3198,3202,3195
154 3218,3209,3204,3208,3211,3205,3219,3215,3206,3207,3214,3213,3212,3210,3216,3220,3221,3217
33 3227,3225,3223,3226,3224,3222
7 3238,3234,3244,3241,3230,3243,3228,3236,3231,3242,3245,3240,3229,3237,3235,3232,3233,3239
189 3246,3248,3249,3251,3250,3247
89 3287,3272,3261,3291,3256,3293,3277,3286,3292,3278,3260,3268,3284,3263,3265,3253,3267,3288,3264,3289,3283,3266,3270,3276,3275,3269,3274,3262,3282,3273,3255,3252,3257,3271,3290,3280,3285,3254,3258,3281,3279,3259
100 3303,3296,3294,3302,3300,3299,3304,3297,3305,3295,3301,3298
17 3306,3308,3307,3309,3311,3310
35 3317,3315,3313,3312,3314,3316
63 3322,3320,3321,3323,3318,3319
2 3338,3343,3326,3335,3336,3331,3332,3324,3346,3334,3325,3333,3340,3328,3344,3339,3330,3327,3342,3337,3347,3345,3329,3341
58 3356,3349,3359,3353,3357,3355,3358,3350,3354,3351,3348,3352
173 3376,3371,3370,3373,3375,3367,3360,3374,3362,3366,3377,3363,3368,3365,3364,3369,3361,3372
158 3381,3380,3383,3378,3382,3379
113 3413,3392,3412,3398,3401,3386,3395,3404,3390,3388,3435,3427,3428,3429,3411,3434,3396,3431,3433,3403,3387,3408,3415,3389,3407,3418,3416,3437,3400,3405,3393,3426,3419,3425,3436,3409,3424,3394,3414,3410,3420,3391,3385,3423,3430,3399,3406,3422,3384,3417,3397,3421,3402,3432
114 3440,3439,3441,3442,3438,3443
9 3457,3461,3464,3462,3447,3448,3456,3455,3453,3465,3451,3454,3452,3466,3450,3460,3445,3463,3449,3444,3446,3458,3467,3459
251 3470,3473,3472,3468,3471,3469
43 3476,3475,3478,3474,3479,3477
10 3486,3490,3488,3487,3493,3491,3480,3496,3483,3494,3482,3492,3484,3495,3485,3481,3497,3489
241 3501,3503,3498,3500,3499,3502
226 3519,3515,3510,3507,3522,3525,3518,3526,3514,3509,3504,3520,3512,3527,3513,3523,3524,3517,3508,3506,3521,3511,3516,3505
155 3556,3532,3557,3555,3530,3546,3550,3536,3528,3541,3554,3537,3553,3540,3535,3539,3534,3531,3549,3547,3542,3548,3551,3552,3538,3543,3544,3533,3545,3529
164 3563,3560,3561,3562,3558,3559
81 3583,3582,3585,3571,3579,3586,3580,3564,3569,3570,3568,3577,3584,3575,3576,3565,3574,3572,3566,3587,3573,3578,3581,3567
44 3589,3592,3593,3590,3588,3591
20 3601,3603,3599,3602,3595,3600,3596,3598,3594,3597,3604,3605
45 3610,3608,3606,3622,3621,3609,3611,3613,3617,3612,3607,3619,3618,3614,3623,3615,3616,3620
77 3640,3639,3642,3628,3635,3664,3633,3662,3668,3649,3625,3634,3654,3631,3651,3624,3645,3629,3656,3636,3647,3667,3641,3655,3670,3643,3652,3663,3646,3666,3658,3650,3669,3657,3661,3632,3630,3644,3659,3660,3653,3665,3648,3671,3638,3627,3626,3637
11 3681,3673,3675,3674,3682,3683,3680,3672,3677,3676,3678,3679
203 3711,3700,3708,3705,3685,3704,3710,3713,3689,3719,3718,3716,3709,3692,3698,3696,3691,3684,3695,3703,3688,3686,3707,3714,3717,3687,3701,3694,3706,3693,3712,3702,3690,3697,3715,3699
230 3724,3722,3720,3721,3723,3729,3726,3725,3731,3730,3727,3728
181 3732,3750,3753,3740,3735,3745,3737,3749,3734,3747,3746,3742,3741,3755,3751,3738,3752,3739,3736,3744,3754,3748,3733,3743
57 3760,3758,3759,3756,3757,3761
213 3765,3778,3777,3768,3762,3775,3766,3779,3771,3774,3769,3776,3770,3767,3773,3763,3772,3764
3 3782,3783,3788,3780,3791,3786,3784,3785,3781,3790,3787,3789
228 3801,3800,3799,3806,3809,3812,3811,3797,3816,3817,3798,3818,3794,3814,3792,3796,3808,3819,3793,3804,3815,3813,3820,3795,3810,3802,3803,3807,3805,3821
139 3834,3844,3842,3829,3827,3841,3823,3845,3833,3835,3839,3843,3826,3837,3830,3832,3838,3840,3822,3831,3828,3825,3824,3836
46 3866,3848,3856,3854,3862,3846,3873,3855,3852,3876,3871,3875,3853,3867,3861,3860,3847,3877,3868,3850,3863,3849,3864,3881,3859,3879,3858,3880,3870,3878,3869,3874,3851,3865,3857,3872
64 3902,3890,3940,3898,3921,3896,3905,3907,3911,3922,3906,3935,3886,3931,3936,3908,3917,3895,3887,3883,3933,3941,3924,3894,3909,3916,3939,3889,3918,3914,3912,3928,3899,3938,3919,3891,3930,3900,3920,3897,3932,3926,3893,3888,3915,3929,3892,3927,3903,3913,3934,3923,3885,3882,3937,3910,3904,3884,3925,3901
26 3943,3944,3942,3946,3945,3947
243 3951,3952,3950,3953,3949,3948
91 3958,3955,3954,3957,3956,3959
0 3964,3962,3965,3960,3963,3961
162 3974,3987,3977,3973,3980,3985,3988,3971,3975,3982,3967,3983,3981,3986,3966,3976,3972,3984,3979,3978,3989,3970,3969,3968
132 3996,3992,3997,3998,4001,3991,3999,3995,3993,4000,3990,3994
36 4030,4014,4017,4029,4023,4003,4031,4004,4010,4007,4027,4021,4011,4028,4022,4025,4013,4008,4018,4002,4024,4012,4009,4020,4016,4026,4019,4005,4006,4015
156 4035,4037,4036,4032,4034,4033
107 4039,4052,4058,4040,4071,4070,4072,4047,4066,4068,4076,4061,4042,4062,4069,4044,4073,4063,4060,4057,4053,4067,4046,4059,4056,4054,4041,4049,4075,4055,4064,4038,4077,4050,4065,4078,4074,4048,4043,4045,4079,4051
249 4088,4083,4086,4084,4091,4090,4082,4080,4081,4085,4087,4089
85 4095,4094,4100,4104,4103,4106,4101,4097,4102,4099,4108,4096,4092,4098,4109,4105,4107,4093
225 4126,4112,4115,4120,4122,4121,4111,4110,4119,4118,4124,4116,4117,4123,4114,4127,4125,4113
231 4133,4130,4129,4131,4128,4132
240 4143,4137,4135,4139,4145,4134,4138,4141,4142,4144,4140,4136
135 4168,4167,4179,4180,4150,4146,4155,4149,4173,4166,4151,4164,4154,4170,4175,4177,4148,4172,4181,4176,4160,4159,4157,4161,4158,4163,4174,4178,4162,4153,4169,4165,4152,4147,4156,4171
207 4183,4185,4184,4182,4186,4187
197 4190,4205,4193,4211,4196,4203,4194,4204,4208,4199,4191,4197,4201,4195,4207,4192,4198,4189,4209,4206,4210,4202,4200,4188
15 4215,4216,4217,4212,4214,4213
252 4232,4227,4225,4224,4235,4223,4233,4226,4228,4219,4231,4230,4218,4220,4234,4229,4222,4221
185 4247,4239,4246,4240,4244,4238,4245,4237,4241,4243,4236,4242
6 4256,4260,4264,4267,4261,4251,4269,4255,4252,4271,4263,4257,4270,4268,4254,4250,4248,4259,4258,4265,4253,4266,4249,4262
161 4279,4319,4312,4310,4289,4285,4305,4315,4313,4287,4316,4311,4291,4281,4273,4288,4300,4286,4275,4278,4296,4302,4317,4303,4277,4301,4298,4282,4295,4284,4309,4318,4299,4293,4306,4304,4290,4280,4283,4272,4276,4297,4307,4314,4308,4274,4292,4294
218 4328,4323,4326,4330,4322,4320,4321,4327,4331,4325,4324,4329
136 4338,4335,4332,4340,4343,4337,4342,4334,4339,4341,4333,4336
94 4355,4350,4354,4351,4352,4349,4348,4344,4353,4346,4345,4347
37 4397,4366,4370,4369,4403,4360,4399,4400,4378,4377,4394,4374,4402,4367,4386,4362,4398,4401,4391,4395,4379,4361,4365,4357,4380,4389,4383,4382,4381,4375,4373,4387,4388,4384,4385,4392,4358,4356,4393,4376,4396,4359,4371,4390,4364,4372,4363,4368
149 4437,4405,4462,4443,4448,4411,4427,4450,4436,4416,4466,4431,4449,4461,4421,4439,4467,4428,4404,4440,4413,4438,4415,4430,4445,4432,4456,4410,4429,4420,4426,4469,4408,4444,4464,4406,4460,4441,4409,4418,4468,4422,4425,4463,4424,4435,4434,4457,4419,4451,4433,4407,4459,4414,4412,4442,4455,4453,4447,4452,4458,4423,4446,4454,4465,4417
13 4470,4474,4473,4471,4472,4475
39 4479,4481,4480,4477,4478,4476
