234 11,8,6,2,3,9,5,4,7,10,0,1
1 24,31,22,27,25,12,35,28,41,20,36,23,34,17,26,13,29,15,16,33,39,18,37,19,38,14,21,40,32,30
4 48,51,49,46,44,47,52,43,53,42,50,45
16 56,57,63,64,58,65,60,54,59,55,61,62
18 91,106,84,96,83,99,76,72,97,100,86,68,66,70,94,113,107,92,77,93,87,102,80,71,105,74,109,108,79,69,95,90,104,103,78,89,81,85,110,98,75,82,73,101,67,88,111,112
19 122,118,115,120,121,125,114,124,116,119,117,123
21 143,156,146,128,161,149,159,152,151,135,127,139,141,138,155,157,145,130,132,137,133,148,129,144,142,140,153,150,134,136,131,160,158,147,126,154
23 162,166,174,169,173,163,175,170,179,176,172,168,167,164,165,177,178,171
24 188,189,187,186,190,183,180,182,191,184,185,181
25 194,197,199,195,203,202,200,196,192,193,201,198
28 215,217,219,212,214,220,213,218,205,208,221,216,206,207,211,210,204,209
30 233,237,224,238,235,232,229,239,236,228,223,227,230,234,225,222,226,231
31 249,247,241,248,240,252,257,242,254,255,246,243,244,256,245,250,253,251
32 262,273,270,267,276,259,271,268,266,261,263,277,280,274,281,258,272,269,278,264,279,265,275,260
216 311,293,318,301,299,290,298,302,321,304,317,323,282,283,309,312,285,300,305,294,315,319,303,307,316,322,288,297,306,313,320,286,289,296,287,291,314,295,292,308,284,310
34 376,377,373,374,369,331,326,361,342,338,357,367,346,359,368,358,336,375,345,366,352,344,355,337,333,330,329,370,341,324,353,334,348,354,360,343,356,328,363,339,340,349,335,364,365,372,362,351,347,332,325,350,327,371
40 384,392,381,385,388,395,383,382,378,393,390,380,379,387,389,394,386,391
41 400,411,406,402,410,396,404,413,408,409,412,405,403,401,407,399,397,398
42 414,424,430,417,419,423,428,426,427,425,416,418,431,420,429,421,415,422
199 434,433,432,436,435,437
160 471,460,452,473,445,439,449,468,463,465,448,454,470,457,461,459,450,440,444,441,443,438,466,467,442,453,446,462,456,458,464,447,472,455,469,451
47 483,503,511,477,475,499,478,497,506,492,480,490,521,494,482,498,512,486,502,507,519,491,515,485,476,481,509,487,501,516,508,484,505,500,479,474,495,510,513,493,496,520,514,489,504,518,517,488
78 524,547,528,532,549,546,531,529,534,523,522,541,537,544,538,536,545,550,539,533,525,527,535,540,543,526,530,542,551,548
48 561,552,553,558,555,556,554,557,559,563,560,562
53 569,575,571,574,568,572,565,570,564,567,573,566
250 589,591,576,580,587,585,592,579,582,590,581,584,578,586,588,577,593,583
49 596,604,594,601,602,598,597,599,605,600,595,603
257 611,606,609,608,607,610
22 616,619,621,620,612,618,615,617,614,623,613,622
67 639,637,636,626,634,659,650,629,633,625,632,649,638,654,628,645,624,635,653,658,627,642,652,640,644,641,651,657,648,643,631,630,655,647,656,646
68 663,678,694,660,693,695,687,680,688,664,686,675,668,683,684,665,667,673,681,670,661,690,671,689,666,676,691,674,682,662,679,669,672,677,685,692
69 705,703,704,707,701,697,706,702,698,699,696,700
71 724,713,720,722,725,723,714,716,708,718,710,715,717,721,711,712,709,719
74 728,727,734,735,726,729,733,730,731,736,737,732
75 774,792,738,759,740,781,741,776,793,778,796,786,750,765,777,789,758,770,795,768,771,783,797,780,784,766,743,760,752,772,762,746,779,787,749,744,761,785,794,757,756,755,745,747,773,742,748,754,739,751,767,791,790,753,782,769,764,775,788,763
76 800,801,798,799,803,802
159 814,807,806,813,810,811,812,815,804,805,809,808
80 903,902,841,909,816,821,885,896,854,830,838,900,894,862,829,871,851,876,908,910,831,889,855,897,868,911,882,842,839,828,843,861,886,840,873,846,866,827,826,857,884,904,858,845,849,907,859,823,870,834,824,888,879,844,878,833,865,892,863,860,818,853,822,880,875,874,877,852,898,825,887,872,881,883,895,867,899,890,850,905,891,869,847,848,836,906,893,856,832,901,819,837,820,817,864,835
82 915,919,924,929,912,916,917,925,926,920,921,913,928,927,914,918,922,923
83 962,949,960,937,948,961,936,967,959,954,938,975,941,951,945,973,963,969,933,972,976,934,974,955,953,932,966,968,957,977,939,956,931,944,958,935,965,952,940,950,970,946,947,943,930,971,964,942
84 978,979,981,983,980,982
87 1005,1004,986,984,1013,1002,998,1000,1007,1001,1008,988,1012,1009,985,992,990,1003,987,993,997,995,999,996,989,1011,991,994,1006,1010
88 1015,1018,1014,1016,1019,1017
90 1031,1024,1028,1026,1025,1022,1027,1030,1023,1020,1029,1021
92 1035,1039,1038,1034,1032,1037,1033,1042,1036,1043,1041,1040
96 1053,1051,1050,1048,1054,1055,1045,1046,1049,1047,1044,1052
98 1059,1064,1062,1063,1057,1065,1060,1056,1058,1067,1061,1066
97 1070,1072,1080,1085,1077,1071,1079,1074,1076,1081,1075,1082,1068,1084,1078,1069,1083,1073
102 1088,1089,1090,1086,1091,1087
190 1093,1096,1095,1094,1097,1092
105 1098,1101,1100,1106,1105,1108,1107,1103,1104,1109,1099,1102
50 1114,1110,1113,1112,1115,1111
106 1121,1118,1119,1120,1117,1116
108 1129,1142,1146,1123,1126,1139,1134,1147,1136,1138,1149,1131,1144,1150,1137,1140,1128,1151,1135,1122,1132,1141,1124,1148,1127,1130,1145,1133,1125,1143
112 1156,1161,1157,1158,1153,1155,1162,1152,1159,1154,1160,1163
119 1173,1169,1178,1166,1184,1181,1171,1164,1172,1175,1183,1165,1180,1182,1170,1176,1186,1168,1167,1187,1174,1177,1179,1185
120 1196,1199,1188,1197,1189,1190,1191,1194,1198,1192,1195,1193
121 1207,1208,1201,1205,1202,1217,1213,1216,1212,1209,1218,1224,1228,1200,1223,1210,1225,1204,1227,1229,1203,1226,1211,1220,1219,1215,1222,1214,1206,1221
122 1230,1231,1258,1261,1240,1284,1254,1287,1249,1295,1271,1292,1257,1294,1280,1232,1290,1256,1236,1268,1250,1269,1241,1279,1244,1265,1288,1281,1235,1237,1238,1289,1276,1239,1270,1264,1277,1251,1262,1275,1293,1267,1245,1266,1243,1272,1273,1259,1252,1260,1242,1283,1255,1282,1291,1278,1248,1286,1274,1263,1234,1246,1253,1247,1233,1285
65 1305,1307,1299,1309,1300,1306,1311,1302,1312,1308,1310,1303,1304,1296,1301,1313,1297,1298
124 1319,1315,1317,1316,1318,1314
125 1321,1320,1324,1323,1325,1322
115 1331,1326,1329,1330,1328,1327
126 1332,1333,1337,1334,1336,1335
128 1351,1353,1342,1355,1338,1343,1347,1350,1345,1354,1341,1339,1352,1344,1348,1349,1346,1340
131 1414,1410,1411,1471,1456,1409,1454,1402,1435,1360,1389,1381,1358,1438,1444,1424,1430,1395,1433,1455,1408,1427,1432,1368,1366,1434,1428,1362,1453,1458,1460,1473,1357,1407,1398,1416,1363,1457,1426,1377,1373,1370,1440,1474,1405,1451,1415,1417,1422,1356,1413,1475,1431,1470,1367,1425,1448,1403,1463,1388,1385,1465,1446,1375,1418,1371,1461,1441,1406,1384,1445,1450,1394,1436,1383,1379,1387,1382,1447,1449,1365,1404,1421,1439,1412,1361,1364,1443,1452,1376,1391,1386,1462,1442,1467,1374,1390,1423,1380,1464,1429,1468,1401,1369,1378,1392,1396,1472,1437,1419,1399,1459,1420,1466,1359,1393,1372,1469,1400,1397
129 1478,1476,1477,1480,1481,1479
130 1483,1487,1482,1484,1485,1486
134 1494,1492,1495,1499,1496,1488,1498,1491,1493,1490,1497,1489
138 1505,1502,1500,1501,1503,1504
142 1512,1511,1513,1516,1522,1515,1510,1514,1520,1524,1523,1517,1508,1521,1527,1507,1518,1506,1528,1519,1509,1526,1529,1525
144 1532,1531,1533,1535,1534,1530
60 1550,1565,1539,1538,1545,1575,1552,1536,1557,1570,1551,1553,1562,1567,1540,1564,1548,1556,1537,1566,1555,1546,1571,1547,1563,1544,1573,1542,1576,1560,1577,1572,1558,1549,1574,1569,1541,1554,1543,1568,1561,1559
146 1582,1595,1579,1594,1587,1590,1584,1585,1578,1586,1589,1580,1591,1588,1581,1583,1593,1592
147 1607,1613,1610,1597,1602,1611,1596,1605,1608,1612,1609,1600,1604,1606,1601,1598,1599,1603
148 1616,1615,1618,1614,1617,1619
151 1623,1622,1630,1621,1628,1624,1631,1627,1625,1626,1620,1629
152 1656,1652,1662,1663,1666,1655,1634,1641,1637,1643,1658,1654,1646,1639,1647,1649,1661,1644,1650,1645,1635,1642,1638,1664,1667,1633,1651,1640,1657,1653,1665,1648,1632,1636,1660,1659
153 1679,1668,1680,1691,1685,1677,1684,1693,1687,1694,1675,1682,1689,1697,1690,1678,1688,1696,1683,1671,1672,1676,1673,1695,1669,1692,1681,1674,1686,1670
165 1709,1698,1699,1704,1705,1706,1713,1708,1700,1710,1702,1715,1701,1703,1711,1714,1707,1712
167 1721,1717,1718,1716,1720,1719
168 1724,1722,1730,1727,1729,1726,1733,1723,1731,1728,1725,1732
169 1751,1746,1740,1745,1742,1767,1748,1762,1744,1760,1753,1758,1735,1756,1766,1752,1757,1736,1764,1739,1763,1749,1769,1759,1768,1747,1761,1734,1743,1738,1741,1755,1737,1754,1750,1765
171 1770,1771,1776,1772,1779,1773,1777,1775,1780,1774,1781,1778
172 1784,1783,1785,1787,1782,1786
175 1795,1809,1830,1806,1816,1790,1831,1817,1833,1815,1799,1828,1811,1829,1807,1805,1814,1789,1812,1820,1821,1798,1825,1835,1818,1797,1823,1824,1791,1810,1793,1808,1796,1832,1804,1800,1802,1813,1794,1827,1788,1822,1826,1834,1792,1803,1801,1819
177 1857,1861,1860,1843,1836,1852,1847,1849,1858,1859,1850,1844,1856,1853,1851,1842,1848,1840,1838,1839,1863,1855,1854,1841,1862,1837,1846,1845,1865,1864
178 1866,1879,1876,1880,1878,1874,1872,1882,1875,1867,1883,1873,1870,1881,1868,1871,1877,1869
179 1886,1885,1887,1884,1889,1888
182 1893,1895,1894,1891,1892,1890
183 1896,1898,1907,1900,1904,1899,1906,1903,1905,1897,1902,1901
73 1925,1908,1916,1923,1922,1915,1919,1917,1910,1918,1920,1911,1924,1921,1914,1909,1912,1913
184 1931,1928,1936,1933,1926,1930,1929,1927,1935,1934,1932,1937
186 1949,1948,1961,1954,1952,1959,1951,1957,1944,1939,1950,1960,1940,1942,1956,1941,1958,1938,1947,1946,1953,1955,1945,1943
187 1996,1981,1979,1997,1969,1974,1971,1991,1965,1980,1968,1977,1962,1983,1984,1964,1963,1966,1970,1967,1990,1982,1995,1993,1973,1994,1989,1985,1992,1972,1976,1986,1988,1987,1978,1975
255 2003,2004,2001,2002,1998,1999,2007,2006,2009,2000,2008,2005
188 2020,2016,2028,2012,2023,2032,2027,2018,2014,2026,2021,2025,2011,2013,2019,2030,2015,2010,2029,2033,2022,2024,2031,2017
109 2060,2035,2039,2059,2056,2038,2054,2055,2053,2063,2049,2040,2046,2052,2048,2057,2051,2041,2045,2044,2036,2058,2061,2043,2034,2062,2050,2037,2042,2047
191 2087,2088,2066,2076,2089,2067,2071,2064,2075,2078,2092,2084,2070,2077,2082,2072,2074,2083,2073,2080,2085,2093,2079,2086,2069,2065,2081,2068,2090,2091
193 2096,2104,2094,2100,2101,2102,2099,2097,2098,2105,2103,2095
194 2121,2112,2127,2116,2109,2106,2120,2115,2108,2128,2129,2125,2107,2111,2126,2122,2114,2113,2110,2124,2118,2123,2119,2117
196 2143,2150,2145,2156,2149,2152,2154,2135,2131,2144,2136,2130,2140,2138,2137,2139,2157,2159,2155,2148,2132,2147,2153,2141,2146,2151,2142,2133,2158,2134
198 2161,2203,2229,2192,2241,2227,2182,2209,2187,2205,2210,2219,2168,2164,2197,2179,2237,2173,2240,2166,2232,2183,2202,2163,2228,2191,2220,2243,2207,2218,2199,2170,2222,2177,2224,2188,2239,2211,2204,2194,2185,2223,2193,2233,2184,2235,2172,2160,2181,2236,2162,2169,2238,2226,2178,2171,2174,2231,2221,2195,2186,2189,2165,2180,2196,2208,2175,2190,2225,2217,2200,2201,2206,2230,2198,2242,2215,2176,2213,2234,2214,2216,2212,2167
200 2247,2251,2253,2254,2244,2250,2249,2255,2246,2252,2248,2245
201 2270,2265,2285,2281,2279,2261,2263,2259,2283,2277,2276,2268,2274,2284,2267,2273,2256,2262,2272,2269,2280,2275,2271,2260,2266,2278,2282,2257,2258,2264
202 2311,2302,2297,2299,2304,2310,2301,2295,2291,2286,2293,2315,2314,2294,2308,2307,2298,2305,2296,2306,2292,2303,2313,2309,2287,2300,2312,2290,2289,2288
204 2318,2319,2320,2321,2317,2316
206 2323,2330,2334,2343,2329,2338,2337,2336,2327,2325,2341,2324,2345,2333,2344,2322,2335,2342,2339,2331,2328,2340,2332,2326
208 2355,2359,2348,2347,2354,2368,2352,2357,2346,2358,2361,2369,2360,2364,2353,2362,2351,2356,2350,2365,2363,2366,2367,2349
245 2372,2378,2374,2387,2376,2373,2370,2379,2371,2384,2380,2381,2383,2375,2377,2382,2385,2386
209 2390,2393,2398,2388,2394,2397,2392,2391,2395,2396,2389,2399
210 2411,2406,2419,2418,2412,2421,2420,2413,2408,2410,2401,2423,2405,2417,2402,2415,2416,2407,2400,2422,2403,2414,2404,2409
214 2434,2457,2461,2427,2458,2445,2455,2450,2464,2465,2440,2443,2436,2442,2425,2451,2429,2460,2431,2430,2452,2448,2432,2426,2449,2459,2438,2441,2447,2453,2428,2433,2456,2454,2424,2444,2463,2435,2462,2446,2439,2437
215 2467,2469,2466,2468,2470,2471
217 2477,2473,2476,2474,2475,2472
219 2495,2480,2481,2483,2487,2492,2491,2486,2479,2490,2493,2485,2489,2494,2484,2478,2482,2488
221 2507,2502,2496,2512,2500,2503,2499,2510,2513,2498,2501,2497,2511,2508,2509,2506,2505,2504
222 2561,2515,2520,2544,2552,2536,2551,2548,2554,2553,2535,2546,2564,2530,2573,2525,2562,2549,2541,2569,2547,2516,2524,2571,2566,2558,2538,2518,2545,2563,2567,2523,2555,2560,2514,2559,2521,2565,2522,2540,2570,2532,2533,2527,2557,2526,2543,2528,2550,2542,2517,2519,2534,2556,2539,2529,2531,2572,2568,2537
223 2575,2579,2574,2585,2587,2578,2582,2588,2586,2580,2577,2584,2583,2590,2581,2576,2589,2591
227 2597,2605,2602,2607,2599,2601,2596,2603,2600,2594,2592,2609,2598,2595,2606,2608,2593,2604
229 2614,2611,2615,2613,2612,2610
232 2625,2621,2628,2627,2622,2631,2620,2629,2623,2630,2632,2624,2619,2618,2616,2633,2626,2617
235 2634,2635,2638,2637,2636,2639
236 2643,2644,2640,2642,2645,2641
110 2649,2650,2646,2651,2647,2648
239 2660,2694,2655,2662,2685,2698,2667,2652,2664,2689,2699,2692,2696,2687,2678,2680,2663,2671,2658,2681,2670,2677,2666,2691,2686,2656,2668,2672,2657,2695,2654,2682,2674,2673,2697,2653,2690,2693,2675,2669,2676,2661,2683,2659,2665,2688,2684,2679
55 2700,2738,2712,2716,2727,2732,2725,2728,2709,2720,2734,2733,2705,2747,2710,2726,2744,2714,2708,2707,2721,2741,2731,2717,2722,2704,2745,2742,2715,2737,2713,2703,2730,2746,2743,2718,2729,2711,2701,2702,2739,2706,2724,2719,2723,2735,2736,2740
246 2752,2753,2750,2751,2748,2749
248 2763,2755,2760,2771,2766,2770,2768,2765,2761,2757,2762,2767,2756,2764,2769,2759,2754,2758
253 2780,2775,2783,2776,2782,2772,2774,2777,2773,2781,2778,2779
254 2788,2784,2789,2785,2786,2787
256 2797,2801,2794,2792,2791,2798,2793,2795,2799,2800,2796,2790
258 2809,2822,2835,2845,2817,2836,2804,2805,2820,2819,2824,2806,2827,2812,2840,2846,2849,2821,2841,2815,2832,2837,2803,2807,2823,2843,2818,2825,2810,2838,2808,2842,2813,2814,2833,2802,2839,2847,2829,2816,2834,2831,2848,2811,2828,2830,2826,2844
259 2857,2860,2850,2859,2854,2853,2858,2852,2861,2856,2851,2855
260 2879,2874,2862,2865,2868,2864,2870,2867,2875,2878,2869,2873,2866,2876,2863,2872,2877,2871
262 2890,2884,2887,2880,2881,2883,2889,2891,2885,2882,2886,2888
263 2897,2904,2905,2892,2898,2894,2906,2899,2913,2902,2900,2896,2903,2911,2912,2914,2895,2893,2908,2909,2907,2901,2910,2915
123 2923,2927,2921,2928,2929,2918,2919,2916,2925,2932,2926,2917,2930,2920,2922,2933,2924,2931
224 2942,2940,2945,2935,2941,2934,2944,2936,2943,2938,2937,2939
103 2960,2952,2953,2962,2957,2947,2949,2955,2946,2964,2956,2958,2965,2968,2966,2950,2969,2959,2963,2961,2951,2967,2948,2954
5 2977,2974,2972,2973,2979,2975,2976,2981,2970,2980,2971,2978
62 3002,2982,3000,2987,2986,2993,2995,3005,2998,2996,2984,2999,2983,2989,2990,3004,2988,3003,2985,2997,2994,2991,2992,3001
145 3036,3026,3032,3024,3014,3013,3012,3019,3040,3025,3007,3022,3038,3037,3010,3030,3023,3034,3006,3016,3018,3039,3027,3017,3033,3041,3028,3020,3009,3021,3008,3011,3015,3031,3029,3035
72 3043,3044,3046,3042,3045,3047
163 3069,3081,3057,3052,3077,3067,3071,3086,3074,3049,3107,3103,3050,3094,3079,3084,3051,3066,3097,3068,3058,3100,3082,3064,3061,3072,3089,3095,3093,3091,3078,3101,3048,3087,3063,3073,3102,3092,3106,3090,3062,3104,3083,3059,3060,3096,3085,3075,3088,3055,3056,3076,3054,3065,3099,3053,3080,3070,3098,3105
150 3113,3111,3109,3112,3108,3110
38 3117,3115,3114,3119,3116,3118
8 3121,3131,3125,3137,3126,3124,3120,3127,3135,3129,3132,3136,3133,3130,3134,3128,3123,3122
27 3138,3141,3139,3143,3142,3140
79 3145,3149,3144,3147,3148,3146
61 3170,3154,3180,3174,3168,3184,3173,3150,3157,3179,3155,3153,3175,3182,3185,3177,3152,3151,3160,3181,3156,3164,3171,3167,3159,3166,3163,3176,3178,3183,3161,3172,3162,3165,3169,3158
176 3202,3191,3203,3192,3196,3199,3198,3193,3187,3200,3186,3189,3188,3195,3197,3201,3190,3194
154 3220,3212,3207,3216,3209,3211,3219,3206,3205,3217,3210,3214,3208,3213,3215,3221,3204,3218
33 3223,3225,3226,3222,3224,3227
7 3235,3243,3231,3242,3232,3229,3237,3233,3240,3241,3234,3238,3236,3245,3228,3230,3244,3239
189 3249,3251,3248,3250,3246,3247
89 3285,3273,3279,3260,3257,3262,3275,3281,3280,3271,3252,3259,3292,3289,3265,3288,3269,3263,3253,3283,3267,3258,3264,3270,3276,3284,3268,3282,3261,3290,3272,3254,3255,3278,3293,3286,3287,3291,3256,3266,3277,3274
100 3297,3298,3304,3294,3299,3295,3300,3305,3302,3301,3303,3296
17 3310,3309,3307,3308,3306,3311
35 3316,3314,3315,3312,3313,3317
63 3323,3319,3320,3321,3322,3318
2 3339,3330,3340,3347,3341,3346,3329,3324,3328,3334,3344,3331,3325,3332,3345,3333,3342,3337,3343,3327,3335,3338,3326,3336
58 3352,3349,3351,3355,3348,3359,3350,3353,3357,3358,3354,3356
173 3366,3361,3369,3372,3377,3373,3365,3367,3363,3375,3364,3374,3360,3371,3370,3362,3368,3376
158 3379,3378,3383,3380,3381,3382
113 3431,3421,3414,3417,3406,3385,3419,3394,3407,3420,3410,3390,3422,3430,3425,3391,3433,3384,3432,3428,3399,3411,3393,3408,3415,3409,3403,3388,3437,3429,3387,3423,3386,3398,3405,3396,3427,3412,3397,3416,3424,3392,3435,3389,3400,3402,3404,3426,3418,3436,3395,3401,3434,3413
114 3443,3442,3438,3441,3439,3440
9 3459,3467,3449,3452,3460,3451,3456,3458,3454,3446,3462,3444,3465,3455,3466,3445,3450,3448,3463,3453,3461,3464,3447,3457
251 3469,3471,3468,3473,3470,3472
43 3479,3477,3474,3478,3475,3476
10 3485,3484,3481,3491,3483,3489,3497,3492,3493,3495,3480,3494,3482,3486,3488,3490,3496,3487
241 3500,3502,3499,3501,3498,3503
226 3527,3508,3521,3516,3504,3513,3524,3506,3505,3520,3523,3517,3525,3526,3509,3515,3514,3518,3522,3512,3507,3511,3510,3519
155 3541,3529,3548,3533,3547,3553,3528,3540,3550,3551,3544,3536,3537,3534,3532,3531,3539,3545,3530,3552,3543,3549,3535,3557,3546,3542,3554,3555,3538,3556
164 3560,3559,3561,3562,3558,3563
81 3580,3574,3578,3566,3581,3567,3573,3587,3570,3565,3572,3583,3576,3569,3577,3564,3584,3579,3568,3582,3571,3585,3586,3575
44 3591,3592,3588,3590,3589,3593
20 3605,3598,3594,3596,3602,3599,3600,3604,3597,3601,3603,3595
45 3620,3623,3606,3612,3613,3619,3616,3609,3618,3615,3608,3607,3611,3614,3622,3621,3617,3610
77 3626,3638,3666,3665,3668,3659,3671,3637,3661,3662,3628,3629,3627,3642,3660,3632,3663,3644,3655,3670,3652,3645,3669,3630,3650,3635,3625,3658,3641,3648,3646,3639,3631,3667,3634,3633,3656,3624,3654,3653,3651,3647,3664,3649,3643,3640,3657,3636
11 3674,3675,3681,3679,3683,3672,3673,3676,3680,3678,3682,3677
203 3715,3706,3702,3692,3712,3684,3688,3701,3694,3689,3690,3697,3686,3707,3716,3699,3685,3710,3691,3696,3695,3713,3718,3708,3703,3714,3717,3698,3704,3705,3709,3693,3711,3687,3719,3700
230 3728,3721,3727,3725,3731,3729,3724,3730,3723,3720,3722,3726
181 3744,3741,3751,3740,3733,3743,3748,3754,3752,3747,3736,3745,3746,3738,3734,3750,3735,3749,3755,3742,3737,3753,3732,3739
57 3761,3757,3759,3756,3758,3760
213 3764,3773,3772,3763,3770,3771,3776,3762,3775,3769,3766,3779,3777,3767,3778,3768,3774,3765
3 3787,3790,3781,3789,3783,3786,3780,3788,3782,3791,3785,3784
228 3793,3797,3810,3804,3809,3806,3807,3820,3821,3813,3798,3818,3795,3812,3811,3814,3815,3808,3816,3817,3805,3792,3796,3802,3799,3800,3803,3819,3801,3794
139 3832,3823,3845,3836,3824,3840,3828,3822,3825,3837,3838,3831,3843,3835,3841,3826,3839,3827,3844,3833,3830,3834,3842,3829
46 3876,3857,3872,3864,3848,3847,3846,3862,3870,3875,3859,3863,3869,3852,3880,3860,3855,3867,3868,3861,3865,3849,3871,3877,3879,3851,3853,3854,3873,3878,3850,3874,3866,3856,3881,3858
64 3935,3901,3886,3927,3919,3930,3925,3891,3909,3911,3941,3931,3915,3939,3912,3934,3890,3937,3928,3917,3926,3888,3904,3936,3883,3897,3887,3900,3908,3882,3913,3903,3907,3899,3906,3896,3889,3905,3884,3914,3938,3924,3918,3933,3920,3932,3895,3892,3893,3916,3929,3923,3922,3940,3885,3902,3921,3898,3910,3894
26 3944,3945,3947,3946,3943,3942
243 3948,3950,3949,3951,3952,3953
91 3959,3957,3956,3955,3958,3954
0 3963,3961,3960,3964,3962,3965
162 3980,3983,3986,3985,3970,3972,3969,3973,3978,3971,3984,3966,3976,3968,3981,3982,3977,3975,3987,3988,3989,3979,3967,3974
132 3993,3994,3990,3995,3992,3996,3997,4001,3998,3999,4000,3991
36 4015,4012,4006,4004,4022,4020,4025,4026,4005,4017,4016,4019,4010,4024,4003,4028,4013,4023,4002,4007,4014,4021,4031,4011,4027,4029,4009,4018,4030,4008
156 4033,4034,4036,4032,4035,4037
107 4072,4064,4051,4059,4039,4050,4065,4077,4045,4063,4073,4043,4075,4049,4054,4067,4058,4057,4044,4069,4046,4048,4068,4055,4060,4062,4079,4076,4056,4061,4041,4042,4078,4066,4074,4040,4053,4038,4070,4047,4052,4071
249 4090,4084,4086,4080,4081,4085,4089,4087,4091,4082,4088,4083
85 4103,4101,4093,4105,4108,4097,4099,4096,4107,4106,4104,4094,4109,4102,4092,4100,4095,4098
225 4125,4114,4113,4120,4123,4111,4122,4119,4121,4116,4110,4118,4124,4117,4115,4127,4112,4126
231 4130,4132,4131,4128,4129,4133
240 4136,4144,4140,4135,4141,4134,4142,4145,4139,4138,4143,4137
135 4148,4157,4165,4146,4176,4181,4159,4152,4160,4162,4158,4156,4175,4147,4172,4164,4154,4161,4171,4177,4155,4180,4153,4167,4150,4170,4178,4173,4169,4151,4174,4149,4166,4163,4168,4179
207 4184,4182,4185,4187,4183,4186
197 4188,4202,4197,4201,4210,4194,4193,4189,4191,4196,4206,4204,4209,4207,4203,4190,4200,4211,4208,4199,4192,4198,4205,4195
15 4214,4213,4215,4216,4217,4212
252 4222,4221,4218,4224,4230,4233,4229,4226,4228,4231,4227,4235,4234,4223,4220,4219,4225,4232
185 4242,4244,4245,4243,4241,4236,4246,4238,4239,4237,4240,4247
6 4269,4249,4271,4263,4268,4250,4261,4266,4256,4257,4259,4251,4253,4248,4270,4254,4262,4265,4255,4264,4252,4267,4260,4258
161 4300,4274,4297,4295,4304,4294,4292,4276,4313,4277,4290,4308,4280,4318,4307,4272,4289,4316,4314,4286,4317,4299,4302,4278,4293,4303,4301,4291,4281,4275,4310,4287,4282,4298,4296,4284,4311,4288,4315,4285,4273,4283,4312,4319,4306,4305,4279,4309
218 4326,4322,4324,4320,4323,4329,4327,4321,4331,4330,4325,4328
136 4333,4341,4336,4334,4340,4343,4342,4339,4337,4335,4332,4338
94 4347,4345,4346,4349,4352,4348,4354,4351,4344,4353,4350,4355
37 4368,4372,4390,4398,4371,4388,4366,4364,4356,4360,4401,4385,4393,4378,4373,4362,4361,4376,4389,4374,4382,4392,4367,4396,4387,4377,4381,4386,4395,4400,4391,4384,4370,4383,4380,4359,4363,4365,4402,4375,4358,4399,4394,4379,4403,4357,4369,4397
149 4461,4452,4446,4455,4465,4431,4407,4442,4456,4441,4457,4423,4424,4418,4422,4453,4408,4433,4464,4449,4419,4414,4417,4412,4451,4420,4438,4468,4454,4415,4428,4440,4413,4429,4404,4426,4434,4466,4445,4444,4467,4421,4469,4430,4432,4463,4416,4406,4447,4458,4410,4460,4425,4459,4411,4439,4448,4427,4409,4443,4462,4405,4435,4436,4437,4450
13 4472,4471,4474,4473,4470,4475
39 4476,4480,4481,4477,4479,4478
