234 11,3,5,9,2,10,6,1,4,8,0,7
1 27,24,25,31,34,22,29,30,17,19,36,32,26,20,12,16,28,35,40,14,13,18,15,21,39,23,33,38,41,37
4 48,44,52,46,49,47,50,51,43,42,53,45
16 56,64,65,63,57,55,58,59,60,61,54,62
18 83,91,66,108,99,84,76,106,100,113,97,96,94,72,70,82,92,95,107,90,103,98,86,68,102,80,75,87,89,78,71,111,104,93,74,69,88,85,79,81,109,101,77,110,73,112,67,105
19 115,120,118,121,114,119,116,122,124,117,123,125
21 146,159,143,153,157,161,156,158,128,147,137,151,149,141,138,142,127,135,136,152,139,155,150,129,145,160,144,132,140,130,134,133,148,126,154,131
23 174,162,167,163,176,169,173,170,166,175,179,164,168,178,172,165,171,177
24 188,187,186,189,182,184,183,180,181,185,190,191
25 194,203,193,199,200,202,197,195,201,196,192,198
28 217,216,215,207,209,208,220,213,206,219,212,218,205,211,210,214,221,204
30 233,237,238,232,235,230,224,223,227,226,236,234,229,225,239,222,231,228
31 252,257,240,248,247,249,256,241,243,242,246,251,250,245,254,255,244,253
32 270,262,259,267,271,276,273,275,269,264,261,268,263,277,258,274,266,260,278,281,265,272,279,280
216 290,311,282,296,302,309,283,300,301,312,299,316,317,289,315,294,292,318,307,323,321,293,304,297,303,285,298,286,291,310,319,320,308,305,313,295,288,322,306,287,284,314
34 331,360,374,373,358,367,376,340,353,345,368,357,361,377,375,364,324,349,336,341,363,369,352,346,342,371,359,333,326,347,366,332,329,372,356,330,334,335,339,338,365,354,343,344,362,355,348,328,370,351,337,350,325,327
40 382,392,395,384,380,385,387,388,381,383,389,378,390,379,391,393,394,386
41 396,409,410,400,402,404,408,403,399,406,412,401,397,411,405,413,407,398
42 417,414,424,431,423,426,420,428,422,430,419,429,425,415,416,418,421,427
199 434,433,436,437,435,432
160 450,448,456,473,471,452,441,468,449,439,461,454,460,445,444,457,440,463,470,459,442,462,465,458,451,438,466,443,469,467,447,446,453,464,472,455
47 475,503,485,480,486,490,477,511,492,499,483,495,497,482,474,504,498,507,494,506,484,520,505,479,513,481,502,519,500,509,501,518,478,517,521,514,508,488,487,516,512,515,491,510,476,489,496,493
78 524,544,532,549,547,529,541,528,526,542,534,522,537,546,538,545,550,536,531,523,539,535,548,530,533,525,551,543,527,540
48 553,558,554,561,552,555,559,562,556,563,557,560
53 569,571,575,570,572,574,568,564,573,566,565,567
250 589,586,591,576,580,585,590,579,583,587,582,588,581,584,592,577,578,593
49 596,604,598,602,595,594,605,601,600,603,597,599
257 609,611,606,607,610,608
22 618,616,619,623,613,615,612,620,617,621,622,614
67 639,640,659,637,633,634,645,626,628,642,630,635,648,655,632,650,643,629,657,646,649,658,653,625,624,636,644,627,652,654,638,631,651,647,656,641
68 663,693,680,668,694,677,675,687,691,672,666,688,660,686,695,661,665,678,684,683,692,667,674,669,670,664,679,682,685,689,673,681,676,671,662,690
69 703,705,704,707,700,701,706,699,702,696,697,698
71 714,708,716,722,710,725,720,723,713,724,715,718,711,721,712,709,719,717
74 728,734,731,736,727,730,735,732,733,729,726,737
75 774,758,776,793,759,781,761,755,738,796,778,765,786,743,784,741,766,756,742,770,753,777,760,740,792,754,757,795,787,771,763,751,797,745,794,744,768,746,785,788,764,783,789,749,775,782,769,762,772,780,779,747,748,752,790,773,767,750,739,791
76 801,800,799,803,798,802
159 814,807,811,806,808,810,812,813,809,815,805,804
80 831,902,854,821,828,816,903,853,909,904,911,829,882,868,843,870,896,876,889,840,871,830,861,872,838,908,894,835,887,851,827,848,841,893,842,859,822,891,898,900,906,899,907,886,873,885,858,855,897,839,836,910,850,852,880,905,849,826,884,874,862,845,834,890,825,846,823,819,883,867,824,895,879,875,833,863,857,818,817,860,865,881,847,888,844,878,832,869,892,864,856,866,820,901,837,877
82 919,924,915,914,929,921,913,912,925,916,917,920,923,926,928,918,922,927
83 962,969,937,967,960,948,945,938,959,956,950,954,973,949,977,933,975,936,968,930,963,976,942,952,951,932,946,970,953,961,974,944,940,957,955,935,931,966,939,972,947,965,934,943,941,971,964,958
84 981,982,980,978,983,979
87 1005,1000,984,986,1004,999,1012,1002,1009,1013,1006,1011,998,1008,1007,1010,994,988,989,987,995,1001,991,996,990,992,997,985,1003,993
88 1015,1016,1018,1017,1019,1014
90 1031,1028,1024,1026,1030,1027,1021,1022,1029,1025,1023,1020
92 1034,1039,1035,1042,1038,1033,1032,1036,1037,1041,1040,1043
96 1051,1053,1050,1049,1054,1045,1044,1048,1047,1046,1055,1052
98 1067,1059,1065,1062,1064,1056,1066,1057,1060,1058,1063,1061
97 1071,1072,1077,1080,1075,1070,1078,1079,1085,1084,1074,1082,1073,1081,1076,1083,1069,1068
102 1089,1091,1090,1088,1086,1087
190 1096,1097,1095,1093,1094,1092
105 1101,1098,1102,1100,1103,1104,1108,1105,1106,1099,1107,1109
50 1110,1113,1114,1115,1112,1111
106 1121,1118,1117,1119,1120,1116
108 1129,1140,1146,1142,1123,1128,1134,1150,1145,1143,1126,1131,1132,1138,1139,1149,1147,1148,1144,1136,1130,1151,1141,1137,1127,1122,1133,1124,1125,1135
112 1156,1158,1162,1157,1161,1159,1153,1163,1155,1152,1154,1160
119 1184,1164,1178,1182,1179,1166,1172,1173,1171,1175,1169,1181,1168,1165,1177,1170,1176,1183,1187,1174,1186,1180,1167,1185
120 1199,1196,1188,1194,1189,1198,1197,1192,1195,1191,1193,1190
121 1201,1213,1216,1207,1208,1218,1202,1217,1203,1209,1212,1228,1224,1205,1210,1200,1214,1225,1221,1219,1222,1223,1226,1227,1220,1215,1206,1204,1229,1211
122 1231,1261,1268,1269,1271,1230,1283,1284,1292,1249,1237,1279,1277,1289,1280,1256,1295,1253,1270,1240,1241,1258,1242,1244,1239,1276,1243,1287,1232,1257,1290,1294,1254,1285,1252,1255,1234,1250,1275,1272,1281,1274,1235,1236,1273,1286,1267,1248,1260,1238,1291,1278,1251,1265,1246,1293,1264,1245,1282,1266,1288,1263,1259,1247,1233,1262
65 1305,1309,1299,1302,1307,1297,1300,1301,1308,1306,1304,1311,1310,1303,1298,1312,1313,1296
124 1319,1316,1317,1315,1318,1314
125 1321,1322,1325,1320,1324,1323
115 1331,1326,1330,1329,1328,1327
126 1333,1334,1332,1335,1337,1336
128 1351,1338,1342,1341,1345,1355,1344,1339,1348,1346,1347,1353,1349,1343,1350,1340,1352,1354
131 1444,1456,1471,1424,1405,1430,1377,1389,1411,1365,1458,1395,1410,1414,1435,1454,1453,1357,1360,1407,1387,1390,1427,1448,1474,1417,1358,1408,1418,1363,1381,1462,1457,1437,1402,1445,1383,1428,1426,1465,1438,1362,1455,1409,1442,1463,1397,1431,1422,1406,1366,1399,1356,1373,1439,1475,1369,1398,1364,1404,1434,1413,1368,1460,1473,1361,1425,1384,1370,1367,1451,1433,1393,1416,1441,1378,1440,1401,1403,1461,1375,1452,1380,1432,1372,1386,1379,1415,1423,1374,1392,1470,1394,1421,1472,1391,1429,1371,1382,1388,1468,1450,1385,1446,1443,1436,1412,1420,1419,1359,1447,1469,1464,1459,1467,1376,1400,1396,1449,1466
129 1477,1476,1481,1478,1479,1480
130 1483,1486,1484,1487,1485,1482
134 1492,1494,1499,1491,1489,1498,1495,1493,1490,1496,1488,1497
138 1501,1505,1500,1502,1504,1503
142 1513,1512,1511,1527,1515,1521,1514,1510,1517,1516,1522,1518,1525,1520,1508,1524,1526,1523,1519,1528,1507,1509,1529,1506
144 1532,1531,1534,1533,1535,1530
60 1555,1538,1551,1557,1553,1565,1552,1539,1550,1561,1556,1575,1562,1559,1570,1545,1536,1541,1547,1577,1576,1566,1540,1564,1560,1558,1537,1548,1563,1554,1568,1567,1572,1542,1549,1544,1571,1569,1573,1546,1574,1543
146 1595,1582,1594,1580,1587,1590,1579,1578,1584,1588,1589,1585,1591,1586,1583,1592,1581,1593
147 1602,1597,1613,1608,1607,1610,1605,1611,1606,1600,1596,1601,1612,1604,1609,1598,1599,1603
148 1614,1616,1618,1615,1617,1619
151 1621,1624,1623,1627,1622,1631,1629,1630,1628,1625,1626,1620
152 1652,1666,1656,1634,1661,1641,1660,1663,1647,1635,1646,1650,1662,1632,1642,1643,1655,1637,1654,1639,1658,1638,1645,1649,1667,1665,1633,1648,1657,1664,1640,1636,1651,1653,1659,1644
153 1685,1691,1679,1678,1668,1694,1680,1673,1693,1689,1675,1677,1687,1682,1684,1697,1674,1672,1676,1681,1696,1683,1671,1695,1690,1669,1692,1688,1686,1670
165 1709,1698,1710,1713,1699,1704,1705,1706,1700,1711,1708,1703,1714,1707,1715,1702,1701,1712
167 1718,1719,1721,1717,1720,1716
168 1733,1724,1730,1732,1723,1731,1729,1727,1725,1728,1722,1726
169 1758,1745,1746,1747,1767,1742,1751,1753,1766,1736,1741,1735,1764,1749,1737,1760,1744,1756,1757,1740,1765,1762,1752,1754,1734,1763,1759,1769,1743,1768,1739,1748,1738,1761,1755,1750
171 1771,1772,1770,1780,1779,1776,1778,1777,1781,1773,1775,1774
172 1784,1783,1782,1787,1785,1786
175 1815,1795,1830,1809,1817,1828,1831,1799,1807,1829,1816,1814,1823,1798,1819,1835,1813,1822,1789,1827,1810,1812,1805,1820,1806,1790,1811,1818,1804,1797,1801,1832,1802,1824,1834,1833,1803,1821,1791,1800,1808,1796,1825,1793,1792,1794,1788,1826
177 1861,1860,1850,1836,1851,1843,1852,1844,1841,1863,1857,1849,1839,1847,1854,1838,1837,1865,1855,1842,1859,1840,1846,1862,1858,1856,1845,1853,1848,1864
178 1866,1879,1878,1880,1882,1874,1867,1876,1872,1875,1873,1868,1871,1883,1881,1870,1869,1877
179 1886,1884,1887,1885,1888,1889
182 1893,1894,1895,1892,1890,1891
183 1896,1898,1904,1907,1899,1897,1905,1903,1900,1902,1901,1906
73 1923,1916,1920,1908,1919,1914,1911,1925,1921,1910,1918,1922,1917,1924,1913,1912,1915,1909
184 1930,1931,1937,1929,1936,1928,1926,1933,1934,1927,1935,1932
186 1948,1959,1951,1954,1949,1952,1960,1946,1942,1944,1958,1961,1939,1950,1938,1957,1955,1941,1945,1956,1947,1940,1953,1943
187 1962,1981,1977,1996,1969,1967,1979,1963,1991,1997,1974,1978,1993,1968,1992,1971,1970,1980,1965,1982,1989,1976,1990,1986,1966,1975,1984,1988,1983,1994,1964,1973,1987,1972,1995,1985
255 2001,2004,2003,1998,2008,2002,1999,2007,2005,2006,2009,2000
188 2012,2028,2020,2016,2026,2019,2023,2029,2014,2032,2027,2018,2021,2025,2022,2017,2011,2024,2033,2030,2031,2015,2013,2010
109 2053,2059,2060,2035,2056,2044,2038,2057,2049,2061,2037,2052,2040,2063,2039,2054,2055,2034,2058,2043,2046,2036,2042,2041,2051,2047,2048,2062,2045,2050
191 2080,2066,2078,2071,2087,2089,2077,2079,2067,2072,2070,2075,2076,2088,2084,2091,2092,2069,2064,2090,2085,2068,2074,2073,2093,2082,2065,2083,2081,2086
193 2096,2104,2094,2100,2097,2102,2099,2101,2098,2095,2103,2105
194 2121,2112,2129,2106,2126,2120,2116,2109,2128,2124,2117,2110,2125,2127,2107,2122,2108,2123,2111,2118,2113,2114,2119,2115
196 2143,2152,2156,2148,2145,2136,2135,2138,2149,2159,2150,2147,2155,2139,2154,2142,2140,2131,2146,2153,2144,2133,2158,2130,2141,2151,2132,2137,2157,2134
198 2192,2210,2199,2164,2183,2165,2161,2241,2223,2205,2218,2220,2191,2227,2179,2204,2182,2163,2197,2188,2181,2209,2229,2222,2202,2224,2203,2207,2170,2173,2184,2166,2171,2231,2160,2243,2221,2162,2232,2219,2169,2187,2212,2233,2237,2194,2168,2239,2175,2177,2228,2235,2216,2196,2185,2180,2189,2201,2193,2234,2190,2174,2238,2240,2211,2186,2200,2172,2226,2242,2213,2225,2236,2208,2230,2217,2206,2198,2167,2215,2176,2214,2195,2178
200 2251,2249,2247,2248,2244,2253,2250,2246,2254,2255,2252,2245
201 2261,2270,2268,2265,2274,2283,2272,2285,2284,2281,2271,2277,2276,2263,2259,2262,2257,2279,2267,2269,2260,2282,2266,2280,2273,2258,2275,2278,2256,2264
202 2291,2293,2304,2302,2311,2297,2299,2310,2294,2286,2287,2301,2315,2313,2288,2298,2312,2295,2314,2303,2292,2308,2305,2290,2296,2309,2300,2306,2307,2289
204 2321,2320,2317,2316,2318,2319
206 2337,2330,2322,2329,2327,2323,2340,2343,2339,2334,2333,2331,2342,2345,2338,2341,2335,2336,2325,2344,2328,2326,2332,2324
208 2355,2347,2352,2346,2354,2359,2357,2361,2348,2353,2369,2360,2368,2351,2364,2358,2366,2365,2362,2350,2356,2349,2367,2363
245 2372,2371,2378,2374,2382,2376,2373,2387,2386,2370,2380,2385,2384,2379,2381,2383,2375,2377
209 2394,2393,2398,2390,2397,2391,2399,2388,2396,2395,2392,2389
210 2419,2411,2415,2406,2421,2422,2401,2410,2413,2418,2420,2412,2405,2423,2417,2403,2409,2402,2416,2408,2414,2400,2404,2407
214 2438,2436,2427,2461,2457,2434,2445,2429,2451,2442,2455,2465,2450,2443,2430,2454,2464,2452,2440,2437,2453,2447,2448,2431,2425,2449,2458,2460,2428,2439,2462,2456,2424,2459,2426,2433,2432,2441,2463,2435,2446,2444
215 2467,2469,2466,2471,2468,2470
217 2476,2474,2473,2475,2477,2472
219 2495,2482,2492,2480,2491,2483,2481,2489,2494,2493,2487,2490,2486,2478,2479,2485,2488,2484
221 2509,2512,2498,2503,2502,2504,2507,2496,2510,2499,2500,2513,2497,2501,2506,2505,2508,2511
222 2551,2561,2515,2530,2549,2552,2544,2545,2526,2569,2541,2563,2571,2523,2527,2514,2564,2548,2520,2516,2538,2562,2536,2529,2535,2554,2517,2558,2540,2573,2547,2525,2518,2555,2532,2524,2550,2546,2559,2566,2542,2572,2567,2519,2528,2534,2565,2553,2521,2543,2522,2556,2531,2539,2570,2568,2537,2557,2533,2560
223 2575,2588,2582,2579,2574,2576,2585,2584,2586,2587,2589,2590,2591,2578,2581,2583,2580,2577
227 2598,2601,2605,2600,2597,2595,2608,2607,2599,2602,2596,2603,2593,2606,2609,2594,2592,2604
229 2614,2612,2611,2610,2615,2613
232 2625,2621,2627,2623,2628,2632,2629,2633,2622,2619,2620,2618,2624,2617,2631,2626,2630,2616
235 2634,2635,2637,2638,2636,2639
236 2643,2645,2644,2640,2642,2641
110 2649,2650,2651,2646,2647,2648
239 2685,2694,2660,2698,2674,2689,2657,2656,2688,2678,2692,2666,2662,2664,2699,2653,2671,2684,2667,2696,2693,2687,2695,2697,2655,2652,2663,2670,2683,2680,2659,2669,2681,2691,2661,2690,2677,2658,2672,2679,2682,2686,2675,2668,2654,2676,2665,2673
55 2712,2700,2728,2732,2727,2716,2707,2720,2705,2726,2714,2708,2709,2734,2738,2717,2711,2710,2733,2739,2721,2731,2704,2729,2744,2740,2722,2725,2724,2746,2703,2719,2715,2706,2747,2702,2743,2741,2742,2737,2718,2723,2745,2713,2730,2735,2701,2736
246 2753,2748,2752,2749,2750,2751
248 2755,2763,2765,2760,2766,2758,2768,2771,2759,2762,2767,2770,2761,2769,2756,2757,2754,2764
253 2775,2774,2782,2776,2773,2780,2783,2778,2781,2772,2777,2779
254 2788,2785,2784,2786,2787,2789
256 2801,2798,2791,2793,2800,2797,2799,2795,2792,2794,2796,2790
258 2809,2822,2803,2845,2804,2816,2840,2846,2826,2835,2815,2805,2820,2806,2802,2832,2836,2827,2841,2812,2831,2817,2810,2830,2837,2829,2823,2849,2821,2839,2848,2808,2818,2843,2824,2814,2807,2833,2838,2834,2819,2825,2811,2813,2842,2844,2847,2828
259 2854,2859,2855,2860,2850,2857,2852,2853,2858,2856,2851,2861
260 2868,2879,2862,2864,2870,2865,2874,2867,2875,2872,2878,2876,2869,2863,2871,2866,2877,2873
262 2884,2880,2881,2883,2890,2886,2889,2887,2888,2882,2885,2891
263 2904,2898,2899,2905,2897,2914,2900,2892,2911,2902,2894,2893,2895,2907,2913,2908,2912,2896,2915,2906,2909,2903,2910,2901
123 2927,2924,2923,2919,2921,2926,2929,2928,2920,2922,2930,2918,2931,2932,2925,2933,2916,2917
224 2940,2945,2941,2935,2942,2939,2944,2934,2936,2943,2937,2938
103 2960,2956,2946,2961,2952,2953,2959,2951,2947,2965,2962,2955,2964,2957,2966,2968,2949,2954,2948,2958,2969,2950,2967,2963
5 2977,2979,2974,2975,2973,2976,2970,2978,2980,2972,2981,2971
62 2982,2993,3002,2998,2990,2986,2999,3000,3001,2987,2997,3005,2995,2983,2985,2994,2996,2991,2988,2989,3004,3003,2992,2984
145 3032,3022,3024,3007,3026,3036,3034,3019,3018,3031,3035,3008,3040,3012,3014,3030,3010,3038,3025,3006,3037,3013,3023,3009,3027,3028,3021,3016,3039,3020,3015,3033,3041,3029,3011,3017
72 3043,3044,3047,3046,3045,3042
163 3057,3103,3086,3100,3067,3069,3052,3081,3071,3061,3101,3097,3077,3050,3068,3051,3073,3058,3090,3106,3066,3079,3082,3049,3072,3105,3084,3078,3087,3088,3089,3091,3098,3094,3074,3107,3063,3065,3092,3060,3064,3075,3048,3102,3059,3093,3054,3085,3070,3055,3076,3056,3062,3104,3080,3053,3096,3095,3099,3083
150 3109,3113,3111,3112,3108,3110
38 3114,3117,3115,3119,3116,3118
8 3130,3120,3126,3124,3121,3125,3123,3127,3137,3129,3135,3131,3132,3134,3128,3133,3136,3122
27 3138,3143,3142,3139,3141,3140
79 3144,3146,3145,3149,3147,3148
61 3170,3179,3155,3167,3152,3174,3173,3171,3150,3180,3184,3181,3165,3157,3154,3182,3163,3177,3175,3176,3153,3156,3178,3160,3185,3159,3162,3164,3151,3168,3161,3169,3183,3166,3158,3172
176 3202,3198,3203,3195,3192,3200,3199,3196,3191,3193,3194,3189,3201,3188,3186,3187,3197,3190
154 3217,3220,3219,3212,3209,3221,3210,3216,3207,3206,3213,3208,3211,3205,3215,3214,3204,3218
33 3223,3222,3225,3224,3226,3227
7 3239,3229,3233,3232,3235,3243,3237,3231,3240,3242,3241,3244,3245,3228,3234,3236,3230,3238
189 3247,3250,3251,3248,3249,3246
89 3259,3285,3281,3279,3257,3280,3258,3271,3273,3260,3254,3255,3275,3252,3262,3289,3263,3290,3274,3283,3269,3277,3265,3276,3282,3266,3256,3264,3270,3253,3267,3292,3288,3272,3268,3278,3284,3286,3287,3291,3293,3261
100 3298,3295,3297,3301,3299,3305,3304,3294,3302,3296,3300,3303
17 3310,3311,3309,3307,3308,3306
35 3316,3312,3314,3313,3317,3315
63 3319,3318,3320,3323,3321,3322
2 3341,3330,3329,3346,3347,3339,3340,3337,3345,3327,3333,3324,3328,3342,3344,3336,3334,3325,3331,3326,3335,3332,3343,3338
58 3352,3350,3349,3358,3351,3348,3354,3355,3357,3353,3359,3356
173 3372,3369,3365,3361,3377,3364,3362,3363,3366,3367,3368,3373,3374,3371,3360,3370,3375,3376
158 3379,3378,3382,3380,3383,3381
113 3432,3431,3417,3397,3421,3385,3402,3430,3394,3390,3420,3422,3410,3406,3423,3399,3414,3384,3407,3419,3405,3424,3425,3436,3426,3437,3391,3418,3416,3433,3409,3393,3389,3403,3387,3400,3427,3434,3411,3408,3428,3396,3415,3388,3398,3404,3435,3429,3401,3412,3413,3395,3392,3386
114 3443,3438,3442,3441,3439,3440
9 3459,3467,3458,3446,3451,3449,3445,3452,3454,3460,3444,3466,3450,3465,3463,3464,3456,3453,3447,3462,3455,3448,3461,3457
251 3469,3471,3468,3472,3473,3470
43 3479,3477,3474,3475,3478,3476
10 3489,3481,3485,3497,3495,3484,3492,3491,3487,3482,3483,3496,3488,3494,3486,3493,3480,3490
241 3502,3499,3500,3498,3503,3501
226 3505,3516,3508,3521,3517,3506,3527,3513,3523,3524,3526,3520,3512,3522,3509,3511,3504,3514,3525,3519,3518,3507,3510,3515
155 3529,3544,3545,3541,3538,3548,3543,3533,3552,3551,3547,3534,3549,3553,3531,3539,3542,3540,3535,3550,3557,3555,3554,3530,3537,3528,3536,3546,3556,3532
164 3559,3561,3558,3560,3562,3563
81 3581,3567,3566,3573,3587,3578,3565,3572,3584,3580,3574,3575,3577,3570,3576,3568,3586,3583,3579,3564,3569,3585,3571,3582
44 3591,3590,3588,3589,3592,3593
20 3605,3604,3598,3596,3602,3600,3594,3599,3597,3595,3601,3603
45 3623,3616,3614,3620,3615,3618,3606,3619,3607,3613,3612,3609,3617,3611,3608,3621,3622,3610
77 3627,3626,3637,3665,3671,3638,3660,3628,3666,3653,3661,3648,3632,3658,3668,3659,3643,3630,3644,3652,3657,3667,3669,3663,3642,3670,3646,3650,3629,3645,3633,3655,3641,3651,3647,3636,3662,3624,3656,3664,3631,3649,3654,3639,3635,3625,3634,3640
11 3679,3674,3675,3676,3681,3677,3683,3678,3682,3672,3680,3673
203 3699,3712,3715,3706,3690,3694,3692,3684,3702,3697,3688,3701,3695,3687,3703,3707,3693,3717,3686,3714,3716,3696,3709,3689,3691,3710,3719,3685,3698,3718,3704,3713,3705,3708,3700,3711
230 3728,3730,3727,3721,3731,3725,3729,3720,3722,3726,3723,3724
181 3743,3733,3754,3748,3738,3741,3751,3744,3739,3752,3740,3736,3746,3749,3742,3734,3755,3747,3745,3737,3753,3750,3735,3732
57 3761,3759,3757,3758,3756,3760
213 3764,3772,3763,3773,3767,3770,3769,3776,3762,3771,3774,3779,3775,3766,3768,3778,3777,3765
3 3787,3789,3790,3781,3785,3783,3780,3784,3786,3791,3788,3782
228 3821,3805,3793,3797,3810,3807,3820,3804,3815,3809,3813,3803,3794,3817,3792,3819,3818,3795,3798,3808,3802,3796,3811,3814,3812,3801,3806,3816,3799,3800
139 3836,3825,3840,3824,3845,3822,3830,3831,3832,3843,3837,3838,3823,3828,3839,3826,3842,3829,3833,3835,3844,3827,3841,3834
46 3872,3876,3857,3862,3878,3870,3851,3874,3879,3865,3869,3877,3880,3847,3875,3864,3863,3849,3850,3858,3846,3859,3860,3881,3853,3868,3856,3867,3848,3861,3873,3871,3855,3852,3866,3854
64 3925,3901,3935,3884,3927,3886,3910,3937,3904,3882,3917,3926,3930,3885,3931,3912,3941,3892,3903,3938,3897,3934,3894,3888,3923,3929,3915,3890,3893,3936,3919,3911,3909,3887,3939,3928,3914,3891,3900,3908,3913,3883,3906,3918,3932,3899,3889,3916,3920,3940,3895,3921,3924,3898,3907,3896,3933,3922,3905,3902
26 3947,3944,3945,3946,3943,3942
243 3948,3949,3950,3953,3951,3952
91 3959,3956,3957,3955,3954,3958
0 3961,3960,3964,3963,3965,3962
162 3969,3980,3970,3979,3968,3973,3978,3976,3971,3983,3972,3986,3967,3966,3984,3989,3982,3985,3981,3975,3988,3977,3987,3974
132 3993,3994,3990,3991,3995,4000,4001,3997,3999,3992,3998,3996
36 4005,4015,4006,4020,4016,4026,4019,4002,4018,4012,4024,4004,4009,4022,4025,4013,4010,4023,4008,4028,4011,4027,4017,4007,4031,4003,4021,4029,4030,4014
156 4033,4032,4037,4034,4036,4035
107 4045,4051,4064,4079,4077,4043,4072,4050,4038,4078,4049,4048,4041,4055,4063,4065,4067,4073,4053,4059,4074,4075,4071,4054,4057,4056,4040,4047,4046,4060,4044,4042,4062,4069,4039,4061,4058,4076,4070,4052,4066,4068
249 4087,4081,4080,4090,4089,4084,4085,4082,4091,4086,4083,4088
85 4108,4105,4093,4107,4103,4109,4101,4096,4098,4104,4092,4099,4097,4095,4102,4106,4100,4094
225 4114,4117,4113,4120,4127,4125,4123,4116,4111,4119,4122,4118,4110,4124,4112,4126,4121,4115
231 4132,4133,4129,4130,4128,4131
240 4136,4144,4140,4142,4134,4145,4141,4138,4139,4135,4143,4137
135 4156,4171,4152,4157,4165,4158,4153,4162,4160,4176,4159,4146,4147,4163,4161,4178,4175,4148,4172,4181,4174,4169,4179,4154,4170,4177,4155,4164,4150,4173,4149,4151,4166,4168,4167,4180
207 4187,4184,4182,4185,4186,4183
197 4188,4202,4200,4189,4210,4201,4206,4198,4195,4207,4197,4192,4209,4191,4208,4193,4194,4204,4199,4203,4211,4196,4205,4190
15 4214,4213,4215,4212,4216,4217
252 4221,4222,4218,4233,4229,4220,4234,4230,4219,4224,4228,4225,4231,4223,4226,4232,4235,4227
185 4242,4236,4244,4241,4243,4245,4237,4238,4240,4246,4247,4239
6 4249,4262,4253,4266,4261,4265,4269,4271,4263,4268,4248,4250,4257,4259,4258,4254,4256,4252,4251,4270,4255,4264,4267,4260
161 4308,4274,4292,4294,4300,4297,4276,4304,4314,4289,4290,4307,4272,4306,4293,4299,4295,4318,4317,4280,4302,4301,4277,4283,4273,4288,4309,4303,4296,4298,4278,4284,4286,4305,4285,4282,4313,4287,4281,4275,4311,4315,4316,4291,4312,4319,4279,4310
218 4329,4324,4326,4327,4322,4325,4321,4320,4331,4328,4330,4323
136 4336,4341,4333,4334,4339,4342,4343,4340,4337,4332,4335,4338
94 4347,4345,4346,4353,4348,4349,4344,4351,4352,4350,4354,4355
37 4368,4390,4363,4371,4396,4362,4372,4359,4364,4376,4384,4385,4356,4381,4393,4392,4358,4373,4388,4378,4398,4389,4401,4387,4375,4374,4391,4357,4361,4383,4382,4367,4365,4386,4379,4360,4395,4380,4394,4369,4400,4402,4366,4377,4399,4397,4403,4370
149 4446,4417,4453,4465,4423,4442,4441,4461,4407,4452,4424,4451,4433,4455,4457,4449,4454,4419,4414,4412,4434,4422,4431,4464,4458,4426,4469,4435,4468,4425,4429,4460,4463,4450,4420,4418,4409,4447,4456,4408,4444,4413,4459,4410,4440,4404,4406,4430,4438,4428,4411,4416,4436,4445,4415,4432,4467,4421,4439,4462,4466,4437,4427,4443,4405,4448
13 4472,4471,4475,4473,4474,4470
39 4476,4480,4478,4481,4477,4479
