234 0,11,7,6,3,8,10,1,4,9,2,5
1 39,37,23,24,14,38,28,27,18,29,30,22,25,20,19,15,41,31,33,36,17,35,12,26,21,13,16,34,40,32
4 50,53,42,45,48,43,52,51,44,46,47,49
16 62,64,57,56,59,63,65,55,58,54,60,61
18 95,67,107,112,111,105,110,113,99,81,79,68,101,109,87,98,74,89,72,83,69,77,91,96,90,84,106,82,108,103,86,93,80,92,73,102,66,76,104,85,78,88,97,71,100,94,75,70
19 116,125,119,117,120,124,122,115,123,118,114,121
21 126,130,133,134,140,154,143,155,146,144,152,145,128,132,147,131,158,136,139,148,141,149,156,159,153,137,135,151,150,127,160,157,161,129,142,138
23 177,165,173,172,175,171,176,162,169,178,179,170,168,167,174,164,163,166
24 183,191,190,185,189,180,187,181,186,188,184,182
25 193,192,195,197,198,194,196,203,202,200,199,201
28 221,204,217,205,211,213,212,216,210,220,219,209,207,218,214,215,206,208
30 231,228,227,233,225,239,238,236,229,232,226,222,237,235,224,234,230,223
31 254,245,241,253,255,256,242,251,246,252,247,257,244,240,250,248,243,249
32 279,278,265,280,270,269,264,268,272,259,275,263,261,274,267,281,271,260,273,262,266,277,276,258
216 288,308,282,287,298,323,309,284,322,305,318,295,289,320,306,290,319,313,314,315,316,317,291,292,307,304,303,286,310,294,302,311,285,301,321,297,296,293,283,300,312,299
34 332,337,336,362,347,338,326,328,329,370,359,327,339,348,351,376,344,352,354,355,377,375,345,343,330,363,350,349,367,360,364,361,334,346,325,342,374,341,365,324,357,331,372,369,366,373,371,356,368,358,340,335,353,333
40 390,389,383,392,395,394,393,378,386,384,388,387,380,382,381,379,385,391
41 405,398,406,400,404,407,396,412,413,401,411,410,409,402,408,399,403,397
42 420,428,418,415,427,421,430,425,416,426,431,424,419,414,417,423,429,422
199 432,434,435,433,436,437
160 470,446,472,447,469,465,473,455,442,453,471,466,460,444,443,461,456,445,452,459,458,467,450,438,468,440,451,454,457,448,463,439,449,462,464,441
47 520,516,491,517,518,487,490,477,510,500,479,478,489,483,508,515,512,482,504,519,481,505,498,488,474,475,503,506,507,495,499,521,484,493,501,511,496,480,513,476,492,514,485,497,509,502,486,494
78 548,525,541,527,540,539,551,524,531,523,538,533,529,536,545,549,546,526,537,547,532,522,542,528,544,535,550,534,543,530
48 554,560,563,557,559,555,552,553,556,561,562,558
53 572,565,566,574,571,575,568,569,567,570,564,573
250 579,577,576,592,587,588,593,580,578,583,584,590,582,585,586,589,591,581
49 599,595,602,596,600,594,601,604,597,603,605,598
257 608,607,610,606,611,609
22 615,622,621,620,614,619,623,617,616,613,612,618
67 648,656,643,641,651,647,644,658,652,654,650,633,655,627,638,635,625,642,639,646,636,653,628,629,640,634,631,624,649,630,657,637,632,626,659,645
68 691,676,670,685,671,662,694,661,673,690,667,675,684,689,663,666,664,672,668,680,682,687,665,660,669,674,681,677,693,683,678,686,688,679,695,692
69 698,706,699,701,697,702,705,707,703,696,704,700
71 713,712,717,720,725,724,722,721,716,708,718,714,719,709,715,710,711,723
74 731,735,729,737,726,736,733,728,727,734,730,732
75 779,768,764,788,790,767,791,762,744,772,752,777,765,742,754,773,780,774,748,756,793,743,775,750,783,776,753,749,795,789,759,781,782,778,747,746,739,785,761,770,786,766,760,758,738,794,745,740,763,796,757,797,755,792,787,751,771,784,741,769
76 802,803,800,801,798,799
159 815,810,805,811,814,808,813,806,804,807,812,809
80 899,865,901,837,819,842,905,891,880,856,881,818,869,862,825,888,832,882,885,820,863,849,907,844,897,860,827,900,824,877,906,883,848,852,903,873,857,872,838,841,864,861,847,890,893,835,834,845,898,833,892,854,817,866,830,896,875,846,822,816,870,855,874,879,878,910,887,821,909,850,839,831,829,911,868,853,895,871,840,859,886,828,902,867,826,894,904,851,884,823,889,876,908,836,843,858
82 928,923,924,916,920,915,918,925,917,919,914,926,912,921,927,929,913,922
83 934,971,939,946,935,961,945,958,931,960,965,968,972,964,966,975,930,940,977,932,951,962,957,954,938,973,955,937,974,944,941,933,963,949,936,943,969,956,970,967,942,953,948,952,959,947,950,976
84 982,983,979,978,980,981
87 994,996,992,989,993,990,985,997,1011,988,998,1005,1001,1003,1009,987,984,991,1007,986,1008,1002,1000,999,1004,1010,1013,1012,1006,995
88 1014,1019,1016,1015,1018,1017
90 1023,1020,1028,1026,1027,1030,1025,1021,1031,1022,1024,1029
92 1043,1037,1036,1041,1033,1039,1035,1042,1040,1034,1032,1038
96 1048,1052,1044,1050,1053,1045,1055,1051,1049,1047,1054,1046
98 1061,1060,1059,1058,1067,1063,1066,1062,1064,1057,1056,1065
97 1084,1068,1072,1073,1078,1081,1083,1070,1079,1069,1080,1077,1071,1076,1075,1074,1085,1082
102 1086,1090,1089,1087,1091,1088
190 1092,1096,1093,1095,1094,1097
105 1107,1104,1100,1109,1102,1101,1106,1099,1108,1098,1105,1103
50 1111,1110,1113,1114,1112,1115
106 1117,1118,1120,1116,1121,1119
108 1148,1125,1134,1135,1124,1138,1147,1122,1127,1133,1129,1151,1146,1136,1132,1137,1145,1149,1140,1142,1128,1139,1144,1141,1150,1143,1123,1130,1131,1126
112 1160,1152,1153,1163,1162,1156,1159,1158,1155,1154,1157,1161
119 1164,1186,1181,1168,1174,1187,1169,1171,1178,1177,1165,1166,1173,1172,1185,1179,1180,1184,1170,1167,1175,1183,1176,1182
120 1198,1193,1191,1197,1199,1194,1196,1190,1189,1188,1192,1195
121 1220,1224,1221,1219,1211,1204,1206,1229,1200,1207,1208,1228,1216,1213,1218,1209,1223,1202,1203,1227,1201,1217,1225,1222,1212,1214,1215,1205,1210,1226
122 1233,1274,1243,1247,1266,1293,1262,1246,1260,1245,1271,1288,1281,1254,1263,1275,1235,1238,1248,1277,1240,1236,1261,1258,1230,1241,1231,1265,1244,1295,1272,1251,1242,1273,1279,1256,1290,1294,1283,1255,1250,1264,1276,1282,1280,1253,1291,1239,1268,1259,1269,1286,1287,1249,1278,1270,1292,1285,1284,1267,1232,1257,1252,1237,1234,1289
65 1313,1301,1311,1312,1303,1304,1298,1308,1306,1297,1296,1307,1299,1302,1305,1309,1300,1310
124 1314,1319,1318,1315,1316,1317
125 1320,1323,1322,1321,1324,1325
115 1331,1330,1327,1328,1326,1329
126 1336,1332,1337,1335,1333,1334
128 1341,1347,1353,1352,1339,1340,1354,1342,1350,1351,1343,1338,1344,1345,1346,1355,1348,1349
131 1467,1429,1398,1401,1369,1372,1404,1447,1458,1466,1359,1358,1392,1464,1446,1475,1409,1432,1382,1412,1443,1433,1421,1400,1420,1395,1461,1450,1416,1385,1356,1376,1403,1413,1449,1379,1402,1456,1388,1451,1442,1410,1419,1394,1397,1414,1445,1426,1364,1439,1469,1459,1430,1474,1455,1472,1367,1371,1437,1396,1444,1452,1465,1431,1471,1417,1378,1415,1434,1473,1375,1457,1365,1363,1453,1389,1387,1441,1470,1374,1386,1436,1422,1440,1418,1407,1381,1406,1391,1460,1411,1390,1380,1468,1454,1405,1370,1373,1427,1377,1383,1360,1435,1424,1366,1463,1423,1425,1393,1408,1368,1428,1361,1357,1448,1362,1462,1399,1384,1438
129 1479,1476,1481,1477,1478,1480
130 1482,1483,1485,1486,1484,1487
134 1499,1494,1490,1496,1497,1498,1495,1488,1493,1492,1491,1489
138 1504,1503,1500,1502,1501,1505
142 1506,1509,1519,1529,1515,1518,1522,1513,1514,1524,1525,1511,1512,1523,1521,1517,1527,1528,1516,1520,1508,1526,1510,1507
144 1530,1535,1533,1532,1531,1534
60 1574,1544,1573,1554,1549,1545,1575,1558,1551,1564,1536,1542,1571,1566,1565,1562,1577,1538,1548,1559,1550,1569,1561,1537,1539,1563,1555,1568,1543,1576,1547,1553,1560,1570,1546,1567,1540,1557,1552,1572,1556,1541
146 1594,1593,1591,1587,1588,1589,1581,1586,1583,1595,1580,1590,1592,1584,1585,1579,1582,1578
147 1599,1603,1607,1610,1604,1612,1609,1600,1608,1601,1613,1611,1598,1596,1602,1597,1606,1605
148 1615,1616,1619,1617,1614,1618
151 1622,1630,1625,1620,1621,1631,1627,1629,1626,1624,1628,1623
152 1648,1657,1651,1664,1638,1636,1659,1662,1649,1656,1666,1644,1655,1645,1667,1632,1650,1647,1652,1637,1641,1633,1640,1658,1643,1646,1642,1653,1654,1635,1634,1639,1663,1661,1665,1660
153 1669,1689,1681,1686,1670,1671,1692,1673,1682,1675,1688,1676,1690,1685,1680,1672,1679,1684,1683,1691,1687,1668,1695,1696,1677,1693,1674,1697,1694,1678
165 1712,1715,1706,1702,1711,1709,1699,1713,1700,1703,1701,1704,1708,1714,1698,1707,1705,1710
167 1717,1716,1721,1718,1720,1719
168 1723,1728,1726,1731,1722,1732,1730,1729,1727,1724,1733,1725
169 1755,1744,1743,1769,1750,1738,1739,1762,1740,1768,1757,1761,1759,1734,1756,1748,1737,1763,1747,1766,1752,1751,1758,1754,1735,1746,1741,1745,1764,1760,1749,1765,1742,1767,1753,1736
171 1774,1777,1775,1773,1780,1776,1770,1772,1771,1778,1779,1781
172 1787,1783,1786,1785,1784,1782
175 1788,1833,1796,1834,1828,1800,1826,1802,1790,1791,1803,1806,1825,1793,1811,1789,1813,1827,1814,1816,1812,1792,1819,1831,1835,1830,1818,1829,1799,1804,1822,1794,1797,1821,1815,1807,1824,1808,1805,1823,1832,1801,1795,1809,1817,1798,1810,1820
177 1863,1865,1837,1836,1847,1849,1845,1846,1861,1855,1859,1858,1841,1852,1864,1862,1842,1848,1851,1838,1853,1843,1854,1839,1860,1856,1840,1844,1850,1857
178 1873,1881,1882,1872,1875,1868,1877,1878,1870,1866,1871,1879,1880,1883,1876,1869,1874,1867
179 1888,1887,1885,1889,1886,1884
182 1891,1893,1890,1895,1894,1892
183 1901,1897,1906,1903,1900,1904,1898,1905,1907,1902,1899,1896
73 1924,1909,1918,1912,1917,1911,1913,1925,1921,1908,1923,1914,1916,1919,1915,1922,1910,1920
184 1932,1935,1931,1933,1926,1930,1928,1936,1934,1929,1937,1927
186 1946,1940,1942,1953,1955,1961,1956,1947,1943,1950,1944,1959,1941,1954,1957,1949,1939,1938,1948,1958,1951,1952,1960,1945
187 1993,1968,1975,1972,1985,1989,1988,1973,1994,1996,1997,1995,1983,1976,1964,1992,1969,1966,1974,1980,1967,1965,1971,1984,1962,1978,1991,1981,1977,1979,1986,1963,1982,1990,1970,1987
255 2008,2006,1999,2009,2000,2003,2002,2007,2004,2001,2005,1998
188 2029,2031,2010,2033,2020,2015,2032,2025,2013,2023,2012,2022,2030,2024,2011,2017,2019,2014,2018,2027,2026,2028,2016,2021
109 2034,2046,2039,2063,2047,2059,2050,2062,2045,2037,2040,2058,2043,2042,2051,2049,2048,2052,2061,2057,2060,2054,2055,2036,2035,2044,2053,2041,2056,2038
191 2093,2081,2082,2075,2071,2076,2073,2065,2085,2077,2072,2074,2088,2066,2079,2086,2067,2064,2089,2092,2090,2083,2087,2070,2091,2080,2078,2069,2084,2068
193 2097,2095,2103,2101,2105,2102,2094,2104,2096,2100,2098,2099
194 2113,2114,2111,2120,2127,2119,2110,2121,2115,2108,2123,2106,2109,2117,2129,2116,2112,2124,2122,2128,2126,2107,2118,2125
196 2146,2132,2135,2136,2158,2134,2154,2142,2159,2157,2143,2130,2149,2155,2141,2150,2137,2140,2152,2156,2144,2153,2147,2131,2145,2151,2138,2148,2139,2133
198 2231,2176,2243,2214,2190,2238,2183,2163,2215,2186,2213,2182,2217,2195,2168,2219,2198,2208,2201,2187,2200,2172,2242,2169,2174,2229,2225,2211,2161,2194,2236,2164,2167,2180,2170,2224,2193,2192,2178,2171,2204,2206,2221,2237,2184,2210,2205,2240,2185,2218,2207,2241,2232,2188,2173,2175,2228,2177,2230,2223,2189,2203,2160,2197,2235,2191,2209,2222,2226,2216,2196,2239,2199,2227,2212,2179,2234,2166,2233,2165,2162,2220,2202,2181
200 2252,2250,2245,2253,2254,2255,2248,2246,2247,2251,2244,2249
201 2278,2268,2264,2258,2267,2285,2261,2259,2269,2275,2273,2270,2276,2256,2257,2266,2263,2280,2271,2283,2265,2284,2274,2282,2279,2260,2262,2277,2272,2281
202 2289,2290,2306,2314,2311,2296,2298,2312,2286,2287,2300,2307,2304,2313,2305,2299,2308,2301,2294,2288,2295,2315,2302,2291,2309,2293,2297,2310,2292,2303
204 2318,2321,2319,2316,2320,2317
206 2332,2341,2339,2344,2343,2336,2345,2335,2334,2326,2337,2325,2324,2338,2329,2330,2342,2328,2327,2322,2333,2323,2331,2340
208 2363,2354,2365,2350,2361,2356,2349,2358,2355,2368,2367,2369,2359,2364,2366,2357,2362,2352,2346,2348,2347,2351,2360,2353
245 2381,2374,2383,2387,2377,2379,2384,2371,2372,2378,2373,2375,2386,2380,2382,2385,2370,2376
209 2389,2399,2392,2398,2395,2388,2393,2391,2396,2394,2390,2397
210 2417,2422,2400,2405,2420,2407,2404,2406,2423,2409,2402,2412,2418,2421,2416,2410,2408,2419,2414,2415,2413,2411,2401,2403
214 2435,2446,2456,2459,2441,2429,2458,2433,2427,2460,2424,2432,2450,2443,2451,2461,2438,2430,2452,2447,2431,2455,2444,2425,2457,2440,2463,2465,2448,2428,2454,2426,2434,2436,2445,2437,2462,2464,2449,2453,2442,2439
215 2469,2470,2467,2468,2471,2466
217 2475,2472,2474,2476,2473,2477
219 2490,2480,2484,2479,2488,2485,2494,2486,2491,2482,2481,2492,2487,2493,2489,2495,2483,2478
221 2506,2507,2505,2513,2499,2511,2510,2501,2503,2504,2496,2512,2500,2497,2508,2509,2502,2498
222 2517,2519,2565,2568,2557,2522,2528,2569,2555,2535,2572,2560,2546,2537,2543,2531,2518,2529,2547,2533,2559,2515,2556,2514,2551,2564,2570,2520,2541,2561,2553,2562,2566,2558,2526,2523,2524,2571,2544,2532,2573,2567,2549,2552,2554,2536,2530,2539,2525,2516,2542,2521,2534,2550,2538,2563,2540,2527,2548,2545
223 2583,2589,2590,2585,2591,2581,2576,2577,2587,2578,2588,2574,2580,2584,2575,2579,2586,2582
227 2606,2609,2608,2594,2596,2597,2593,2595,2607,2604,2598,2602,2592,2605,2599,2603,2601,2600
229 2610,2615,2613,2614,2611,2612
232 2618,2616,2631,2622,2633,2624,2625,2619,2629,2620,2628,2630,2621,2627,2617,2623,2632,2626
235 2636,2638,2637,2635,2634,2639
236 2640,2642,2641,2644,2645,2643
110 2651,2647,2648,2650,2649,2646
239 2665,2673,2659,2669,2695,2693,2654,2661,2652,2662,2696,2682,2668,2681,2671,2663,2686,2699,2672,2675,2685,2677,2697,2658,2694,2664,2684,2679,2698,2688,2667,2676,2666,2653,2670,2674,2657,2692,2689,2680,2690,2660,2687,2691,2678,2655,2683,2656
55 2710,2718,2719,2747,2736,2707,2703,2733,2745,2725,2737,2723,2741,2701,2711,2712,2735,2715,2743,2730,2738,2739,2731,2702,2709,2742,2705,2721,2734,2717,2746,2727,2714,2708,2706,2713,2700,2728,2744,2716,2732,2740,2720,2704,2729,2726,2724,2722
246 2752,2748,2753,2750,2751,2749
248 2771,2767,2756,2754,2770,2757,2755,2758,2760,2765,2764,2763,2761,2762,2769,2768,2766,2759
253 2779,2783,2772,2781,2775,2778,2782,2776,2777,2774,2780,2773
254 2787,2788,2785,2789,2784,2786
256 2795,2792,2796,2797,2791,2801,2794,2793,2799,2790,2798,2800
258 2828,2831,2848,2834,2846,2825,2827,2849,2824,2832,2839,2809,2847,2808,2830,2843,2844,2842,2811,2822,2802,2819,2807,2840,2837,2833,2820,2845,2814,2813,2838,2836,2818,2821,2803,2804,2806,2841,2817,2835,2812,2826,2829,2823,2805,2810,2816,2815
259 2861,2857,2851,2855,2854,2856,2860,2852,2859,2850,2853,2858
260 2873,2868,2869,2871,2872,2867,2875,2876,2879,2866,2874,2878,2862,2877,2870,2864,2863,2865
262 2891,2890,2887,2884,2883,2885,2886,2881,2888,2882,2889,2880
263 2901,2907,2895,2910,2896,2903,2906,2913,2914,2899,2902,2915,2912,2904,2893,2898,2908,2909,2897,2894,2905,2911,2892,2900
123 2926,2930,2928,2917,2923,2920,2916,2922,2925,2918,2927,2931,2919,2929,2924,2933,2932,2921
224 2938,2943,2944,2937,2940,2936,2939,2934,2945,2941,2935,2942
103 2969,2967,2958,2950,2957,2959,2962,2949,2951,2963,2960,2954,2966,2961,2956,2947,2968,2948,2952,2953,2964,2965,2955,2946
5 2975,2980,2976,2981,2971,2979,2978,2972,2977,2974,2973,2970
62 2992,3003,2986,2995,2987,3005,2993,3004,3000,2998,3001,2996,2988,3002,2982,2997,2984,2989,2999,2994,2985,2990,2991,2983
145 3039,3020,3025,3013,3041,3033,3023,3036,3038,3017,3032,3027,3035,3029,3016,3024,3030,3037,3011,3019,3009,3008,3026,3031,3028,3022,3040,3018,3007,3014,3021,3012,3006,3015,3034,3010
72 3042,3044,3043,3045,3047,3046
163 3088,3062,3076,3055,3083,3068,3060,3104,3107,3084,3074,3057,3048,3089,3069,3081,3096,3080,3082,3049,3066,3102,3095,3103,3094,3078,3054,3067,3105,3071,3051,3058,3099,3086,3093,3061,3063,3053,3085,3097,3073,3090,3059,3079,3072,3056,3064,3052,3075,3077,3100,3106,3098,3070,3050,3092,3087,3091,3065,3101
150 3112,3113,3109,3108,3111,3110
38 3118,3119,3116,3114,3117,3115
8 3133,3120,3137,3136,3131,3122,3125,3121,3126,3127,3129,3134,3130,3135,3128,3124,3132,3123
27 3140,3142,3138,3139,3141,3143
79 3149,3145,3146,3148,3144,3147
61 3158,3166,3178,3175,3180,3176,3183,3156,3151,3164,3161,3169,3174,3154,3185,3170,3168,3177,3173,3165,3172,3181,3171,3153,3179,3155,3182,3159,3163,3150,3162,3152,3184,3160,3167,3157
176 3191,3190,3202,3187,3203,3194,3188,3193,3200,3199,3192,3197,3198,3186,3201,3195,3189,3196
154 3218,3204,3207,3219,3208,3221,3211,3213,3220,3205,3216,3212,3206,3215,3210,3209,3214,3217
33 3225,3224,3227,3226,3222,3223
7 3245,3241,3228,3231,3238,3234,3235,3236,3230,3229,3232,3242,3244,3239,3243,3240,3237,3233
189 3246,3247,3249,3251,3250,3248
89 3293,3266,3261,3291,3270,3268,3269,3282,3287,3288,3262,3278,3292,3254,3252,3263,3265,3253,3272,3273,3284,3271,3256,3286,3260,3264,3267,3280,3290,3274,3283,3281,3259,3257,3275,3285,3255,3289,3277,3279,3258,3276
100 3303,3304,3302,3296,3305,3298,3294,3300,3295,3297,3299,3301
17 3310,3307,3306,3311,3308,3309
35 3314,3313,3315,3312,3316,3317
63 3322,3320,3321,3318,3323,3319
2 3334,3337,3338,3331,3326,3330,3325,3332,3324,3344,3328,3329,3336,3333,3340,3335,3343,3342,3341,3339,3347,3345,3346,3327
58 3354,3356,3357,3349,3359,3352,3353,3350,3358,3355,3351,3348
173 3368,3373,3360,3362,3371,3370,3366,3376,3375,3374,3372,3367,3365,3377,3369,3361,3364,3363
158 3382,3383,3379,3380,3378,3381
113 3388,3405,3425,3426,3434,3395,3392,3386,3404,3435,3437,3396,3415,3409,3428,3431,3408,3429,3387,3411,3403,3384,3413,3436,3421,3433,3419,3401,3427,3416,3410,3407,3399,3417,3424,3420,3423,3397,3414,3430,3390,3398,3432,3391,3385,3389,3412,3406,3400,3394,3402,3393,3422,3418
114 3440,3442,3443,3438,3439,3441
9 3461,3462,3448,3445,3454,3452,3457,3447,3465,3456,3449,3463,3455,3450,3451,3459,3460,3446,3467,3458,3464,3444,3466,3453
251 3473,3468,3472,3471,3470,3469
43 3474,3476,3479,3478,3475,3477
10 3490,3493,3496,3497,3491,3480,3485,3483,3481,3495,3487,3489,3494,3486,3484,3488,3492,3482
241 3503,3499,3500,3502,3501,3498
226 3507,3515,3512,3519,3504,3508,3525,3526,3518,3514,3521,3516,3522,3510,3509,3511,3517,3527,3506,3513,3505,3523,3520,3524
155 3542,3554,3536,3555,3556,3540,3553,3531,3546,3541,3537,3547,3529,3532,3544,3539,3550,3543,3528,3551,3530,3552,3535,3548,3557,3538,3545,3549,3533,3534
164 3559,3562,3561,3563,3558,3560
81 3571,3584,3564,3586,3568,3570,3573,3585,3577,3569,3587,3579,3580,3567,3565,3582,3583,3581,3566,3572,3578,3576,3575,3574
44 3593,3592,3589,3588,3590,3591
20 3603,3600,3599,3601,3597,3598,3602,3604,3594,3605,3595,3596
45 3622,3616,3610,3621,3606,3612,3607,3608,3615,3611,3623,3609,3617,3620,3618,3619,3613,3614
77 3667,3635,3631,3670,3663,3636,3664,3656,3662,3641,3640,3654,3646,3668,3645,3626,3625,3637,3652,3634,3660,3665,3643,3629,3628,3638,3657,3661,3630,3648,3644,3633,3649,3627,3655,3669,3632,3671,3639,3624,3653,3666,3651,3647,3658,3642,3650,3659
11 3683,3672,3680,3677,3676,3673,3674,3679,3682,3681,3678,3675
203 3703,3719,3707,3711,3716,3700,3696,3712,3688,3704,3718,3697,3714,3685,3687,3717,3710,3713,3684,3692,3705,3715,3706,3689,3695,3699,3690,3694,3698,3708,3686,3701,3691,3709,3693,3702
230 3724,3721,3727,3728,3722,3723,3725,3729,3726,3720,3731,3730
181 3749,3735,3737,3747,3744,3743,3740,3746,3748,3754,3742,3751,3755,3750,3732,3733,3745,3741,3739,3753,3752,3738,3734,3736
57 3760,3761,3758,3757,3756,3759
213 3774,3766,3778,3765,3776,3771,3777,3768,3775,3764,3763,3770,3769,3773,3762,3767,3772,3779
3 3780,3782,3786,3787,3784,3788,3790,3791,3789,3781,3783,3785
228 3800,3817,3806,3818,3814,3799,3796,3811,3816,3803,3819,3804,3812,3794,3815,3797,3809,3820,3805,3813,3821,3793,3798,3801,3810,3808,3802,3792,3795,3807
139 3839,3835,3834,3833,3826,3838,3827,3825,3844,3836,3841,3837,3832,3840,3829,3823,3830,3828,3822,3845,3831,3843,3824,3842
46 3879,3854,3866,3855,3881,3848,3877,3873,3871,3847,3852,3846,3875,3868,3880,3876,3864,3861,3870,3872,3867,3865,3874,3878,3862,3869,3851,3853,3858,3859,3857,3863,3860,3849,3850,3856
64 3938,3933,3932,3902,3909,3911,3904,3915,3939,3897,3905,3887,3941,3907,3935,3924,3894,3926,3893,3896,3891,3908,3918,3921,3930,3925,3900,3927,3886,3931,3936,3892,3917,3928,3906,3937,3884,3895,3885,3929,3888,3883,3919,3916,3901,3940,3934,3889,3890,3903,3910,3899,3914,3882,3922,3912,3913,3923,3920,3898
26 3946,3942,3947,3944,3945,3943
243 3953,3949,3951,3952,3950,3948
91 3955,3959,3957,3956,3958,3954
0 3960,3965,3964,3962,3963,3961
162 3974,3985,3984,3983,3987,3972,3977,3980,3981,3971,3979,3970,3989,3978,3986,3988,3982,3975,3976,3968,3969,3966,3973,3967
132 3996,3998,3999,3997,3990,3993,3992,3991,3994,4001,3995,4000
36 4029,4017,4022,4014,4021,4004,4028,4013,4030,4019,4023,4010,4025,4002,4003,4012,4007,4020,4018,4009,4005,4006,4016,4031,4027,4011,4026,4015,4008,4024
156 4037,4036,4033,4035,4032,4034
107 4042,4041,4061,4054,4069,4076,4067,4070,4078,4075,4059,4066,4072,4073,4046,4044,4048,4039,4068,4052,4047,4043,4055,4063,4064,4065,4079,4051,4074,4049,4077,4058,4062,4071,4038,4060,4045,4040,4056,4057,4050,4053
249 4088,4086,4083,4087,4085,4081,4084,4080,4090,4082,4091,4089
85 4100,4099,4105,4101,4106,4103,4102,4094,4095,4097,4109,4104,4108,4093,4107,4098,4092,4096
225 4115,4118,4116,4111,4126,4124,4120,4114,4121,4123,4122,4110,4113,4112,4125,4119,4117,4127
231 4129,4131,4133,4132,4130,4128
240 4144,4137,4141,4142,4139,4135,4145,4134,4143,4138,4140,4136
135 4174,4150,4173,4167,4168,4178,4151,4181,4155,4180,4146,4147,4166,4171,4172,4161,4158,4169,4164,4156,4154,4175,4152,4176,4179,4153,4165,4157,4170,4162,4177,4160,4148,4149,4159,4163
207 4183,4186,4187,4182,4185,4184
197 4190,4203,4211,4196,4204,4199,4192,4188,4195,4194,4198,4191,4207,4206,4205,4201,4189,4202,4193,4197,4208,4209,4200,4210
15 4217,4212,4214,4216,4213,4215
252 4223,4224,4225,4235,4226,4222,4227,4231,4232,4234,4221,4228,4233,4230,4229,4218,4220,4219
185 4243,4238,4240,4244,4239,4242,4246,4241,4245,4247,4237,4236
6 4257,4260,4270,4258,4263,4267,4252,4264,4269,4259,4249,4251,4250,4254,4266,4256,4262,4248,4255,4268,4253,4271,4261,4265
161 4283,4319,4278,4288,4275,4305,4279,4313,4312,4314,4303,4281,4291,4301,4300,4317,4294,4316,4284,4295,4292,4310,4277,4311,4306,4302,4290,4286,4297,4287,4298,4309,4308,4315,4272,4299,4280,4304,4276,4296,4274,4318,4285,4293,4289,4307,4273,4282
218 4327,4330,4320,4324,4322,4323,4325,4326,4328,4321,4329,4331
136 4335,4340,4334,4343,4339,4336,4338,4333,4341,4342,4332,4337
94 4355,4354,4344,4346,4351,4352,4349,4353,4347,4345,4348,4350
37 4373,4403,4379,4360,4399,4398,4388,4402,4400,4401,4375,4377,4382,4383,4370,4385,4397,4368,4369,4374,4366,4395,4389,4358,4362,4390,4376,4380,4367,4381,4359,4371,4365,4372,4361,4396,4357,4356,4392,4364,4378,4386,4393,4387,4363,4391,4384,4394
149 4459,4448,4469,4421,4460,4462,4405,4432,4406,4467,4418,4431,4441,4408,4413,4456,4458,4409,4446,4404,4440,4439,4461,4452,4428,4437,4427,4466,4465,4438,4435,4457,4450,4445,4463,4423,4416,4433,4436,4449,4455,4420,4414,4443,4442,4453,4451,4417,4415,4426,4468,4419,4425,4429,4422,4410,4424,4411,4407,4430,4444,4447,4464,4412,4434,4454
13 4474,4470,4473,4471,4475,4472
39 4479,4481,4480,4476,4478,4477
