234 5,11,3,1,0,9,2,4,10,7,8,6
1 34,32,30,19,27,25,21,24,26,31,14,36,17,29,23,16,20,40,13,18,28,15,33,12,35,22,39,37,38,41
4 48,44,42,50,47,52,45,51,46,53,43,49
16 56,63,64,65,61,54,55,59,60,58,62,57
18 66,83,91,108,82,99,95,103,106,113,70,93,107,110,69,76,94,97,98,111,90,72,92,68,89,84,74,75,100,81,71,104,85,101,102,78,67,87,80,88,79,109,86,73,112,96,77,105
19 124,114,120,116,117,115,119,123,118,121,122,125
21 158,146,153,159,126,147,160,157,144,137,150,155,129,141,128,154,161,152,145,138,127,151,142,149,135,134,156,136,139,140,148,131,133,132,143,130
23 174,163,162,170,164,176,167,175,169,172,178,165,168,171,177,166,179,173
24 187,181,185,184,189,183,188,182,186,180,190,191
25 203,194,193,202,201,200,198,197,199,192,196,195
28 209,217,207,212,216,214,206,213,218,215,210,208,211,205,219,220,204,221
30 226,233,237,236,238,223,222,232,230,235,225,234,239,224,231,227,228,229
31 257,251,252,245,244,248,256,241,250,247,246,243,255,242,253,240,249,254
32 260,275,270,265,259,278,262,273,266,263,269,261,264,267,274,276,277,258,281,272,271,268,279,280
216 290,296,315,283,309,292,312,282,286,299,289,317,320,300,302,297,291,298,294,323,307,316,285,308,301,310,287,284,313,311,319,295,322,314,306,304,293,305,303,288,321,318
34 331,360,358,332,364,362,343,345,351,374,324,336,373,361,368,367,340,329,347,339,363,371,326,349,330,335,354,359,341,353,325,342,375,333,355,350,366,352,334,365,328,369,348,327,356,357,346,344,377,372,337,338,370,376
40 384,382,392,395,387,381,385,390,383,380,391,379,389,378,388,386,393,394
41 396,401,400,409,404,398,402,410,407,397,411,408,399,403,412,405,406,413
42 417,426,420,421,416,425,422,428,431,415,414,423,429,427,419,424,430,418
199 436,435,433,437,432,434
160 441,450,456,451,444,473,457,452,472,461,448,469,470,449,439,446,442,467,440,466,454,443,459,463,465,462,468,447,455,464,445,458,438,453,471,460
47 486,475,520,495,488,503,504,514,485,482,517,519,513,476,509,499,474,497,480,508,502,494,518,511,505,500,484,493,510,507,501,498,481,478,515,492,521,479,490,477,489,496,516,487,491,506,512,483
78 526,524,551,541,529,547,549,544,542,539,548,534,532,536,540,525,545,530,550,537,535,543,533,538,527,531,522,546,523,528
48 558,562,563,554,553,556,552,559,555,557,560,561
53 569,564,572,575,568,570,574,567,573,566,571,565
250 586,577,583,591,584,587,579,589,581,585,590,582,578,588,576,592,593,580
49 596,598,603,595,604,605,600,599,602,597,594,601
257 610,609,607,606,611,608
22 618,622,619,623,620,613,615,612,617,621,614,616
67 646,633,639,659,640,655,634,637,635,626,643,644,648,624,642,628,630,658,650,645,632,647,631,636,649,656,653,652,627,638,629,657,625,651,641,654
68 672,663,691,668,685,674,680,677,675,692,689,693,687,661,670,667,669,664,666,683,665,686,688,681,684,682,662,679,678,676,690,671,660,673,695,694
69 703,700,705,707,699,706,704,701,696,698,702,697
71 714,710,708,722,713,709,725,711,716,712,715,721,719,718,723,724,720,717
74 728,731,736,735,734,729,732,727,733,730,737,726
75 758,755,774,775,765,793,761,790,776,759,753,754,789,741,773,756,760,766,782,796,777,748,745,778,742,788,743,762,763,770,783,795,771,768,797,772,781,751,744,780,784,747,764,786,769,787,785,746,757,749,752,740,767,739,792,794,779,750,738,791
76 803,799,798,800,801,802
159 808,805,814,807,809,815,812,811,813,810,804,806
80 835,829,831,893,882,853,902,887,909,854,891,817,843,828,838,906,904,869,889,859,833,872,876,842,826,827,834,908,903,845,821,873,848,847,905,818,898,823,899,883,894,850,881,830,840,911,822,884,907,864,816,886,852,890,897,870,836,863,858,825,861,868,874,895,824,819,851,832,856,867,879,849,875,901,844,860,878,820,888,892,871,900,857,862,855,846,880,837,839,865,910,896,885,841,866,877
82 919,924,921,927,912,923,920,914,916,913,926,922,925,917,918,915,928,929
83 969,962,960,937,938,932,945,930,967,954,959,935,970,977,950,942,940,946,968,951,956,974,943,957,971,936,975,948,952,933,976,964,953,965,973,972,931,947,944,966,963,949,939,934,961,958,941,955
84 982,980,978,981,983,979
87 1000,1012,1006,1005,994,984,986,1011,1004,996,1008,998,1009,1010,989,999,990,995,1002,991,997,987,988,985,1003,1007,1001,992,1013,993
88 1018,1015,1019,1016,1017,1014
90 1020,1030,1028,1024,1021,1023,1029,1027,1031,1022,1026,1025
92 1034,1039,1041,1036,1035,1042,1032,1040,1033,1043,1038,1037
96 1045,1049,1054,1044,1048,1046,1053,1055,1050,1047,1051,1052
98 1066,1067,1057,1062,1060,1065,1061,1056,1058,1063,1064,1059
97 1071,1079,1083,1077,1078,1073,1075,1074,1080,1084,1069,1082,1081,1076,1085,1072,1070,1068
102 1091,1089,1087,1088,1090,1086
190 1094,1096,1097,1092,1093,1095
105 1102,1101,1098,1106,1100,1105,1103,1099,1108,1104,1107,1109
50 1110,1113,1114,1112,1115,1111
106 1117,1119,1118,1116,1121,1120
108 1140,1145,1129,1146,1130,1128,1127,1151,1143,1126,1133,1148,1149,1132,1142,1131,1147,1150,1138,1139,1124,1125,1144,1122,1141,1136,1123,1134,1135,1137
112 1163,1156,1158,1161,1157,1162,1159,1152,1154,1155,1153,1160
119 1179,1182,1164,1172,1183,1167,1184,1168,1177,1173,1178,1171,1165,1175,1176,1187,1180,1170,1174,1185,1166,1169,1186,1181
120 1189,1196,1198,1199,1193,1188,1192,1194,1195,1191,1197,1190
121 1216,1213,1201,1220,1203,1218,1223,1222,1217,1207,1224,1225,1208,1206,1200,1227,1219,1212,1214,1226,1209,1221,1210,1228,1215,1229,1205,1202,1211,1204
122 1268,1269,1237,1261,1283,1231,1244,1271,1242,1243,1279,1275,1255,1284,1263,1239,1253,1232,1259,1230,1286,1238,1270,1282,1274,1285,1277,1236,1265,1264,1272,1246,1292,1293,1248,1245,1289,1290,1276,1260,1234,1294,1256,1252,1273,1257,1278,1281,1251,1241,1235,1266,1249,1288,1287,1267,1280,1250,1233,1247,1291,1240,1295,1254,1258,1262
65 1300,1301,1297,1302,1309,1303,1307,1299,1305,1298,1306,1304,1308,1310,1313,1296,1311,1312
124 1316,1319,1317,1315,1314,1318
125 1322,1321,1325,1320,1324,1323
115 1326,1330,1328,1327,1329,1331
126 1334,1332,1333,1335,1337,1336
128 1346,1351,1341,1338,1343,1344,1342,1345,1348,1340,1347,1339,1349,1355,1353,1354,1352,1350
131 1397,1424,1453,1444,1365,1405,1471,1456,1448,1437,1399,1431,1357,1373,1395,1457,1359,1429,1369,1474,1430,1404,1417,1415,1387,1363,1458,1377,1360,1426,1438,1410,1442,1406,1398,1435,1460,1414,1356,1462,1401,1362,1383,1372,1451,1391,1420,1393,1389,1408,1428,1445,1364,1455,1366,1392,1427,1439,1433,1390,1422,1463,1416,1407,1465,1382,1475,1381,1394,1411,1421,1418,1388,1425,1464,1384,1361,1468,1452,1470,1423,1386,1370,1436,1385,1368,1469,1443,1379,1472,1412,1413,1461,1459,1403,1367,1374,1419,1450,1432,1400,1375,1378,1396,1434,1473,1440,1358,1447,1371,1441,1380,1467,1454,1446,1409,1376,1466,1449,1402
129 1477,1481,1480,1479,1478,1476
130 1486,1483,1484,1487,1485,1482
134 1490,1499,1494,1496,1492,1491,1489,1488,1498,1493,1497,1495
138 1504,1501,1500,1505,1502,1503
142 1525,1512,1513,1511,1515,1520,1527,1514,1510,1521,1518,1528,1509,1519,1526,1508,1507,1524,1517,1522,1516,1523,1529,1506
144 1531,1533,1534,1530,1535,1532
60 1555,1538,1561,1551,1553,1566,1556,1559,1572,1576,1549,1537,1554,1548,1575,1577,1541,1543,1536,1557,1547,1558,1560,1567,1546,1568,1540,1562,1563,1564,1573,1571,1542,1552,1569,1570,1550,1539,1544,1574,1565,1545
146 1595,1582,1594,1591,1584,1580,1588,1587,1579,1589,1578,1592,1583,1593,1586,1590,1585,1581
147 1607,1613,1600,1602,1608,1610,1599,1598,1605,1603,1604,1601,1596,1611,1609,1612,1597,1606
148 1616,1618,1614,1617,1619,1615
151 1629,1627,1621,1623,1622,1626,1631,1620,1630,1625,1624,1628
152 1660,1641,1652,1666,1647,1632,1661,1642,1653,1656,1648,1643,1636,1638,1635,1633,1659,1646,1650,1654,1665,1640,1663,1667,1639,1645,1657,1655,1651,1658,1649,1637,1634,1662,1664,1644
153 1678,1679,1685,1694,1689,1668,1673,1692,1691,1687,1693,1669,1696,1671,1672,1681,1676,1697,1674,1682,1683,1695,1677,1675,1688,1690,1686,1680,1684,1670
165 1710,1709,1713,1701,1705,1698,1711,1706,1712,1700,1703,1715,1704,1702,1708,1707,1714,1699
167 1719,1720,1718,1721,1717,1716
168 1733,1728,1724,1732,1731,1723,1725,1726,1730,1729,1722,1727
169 1758,1745,1747,1749,1743,1753,1737,1744,1741,1742,1764,1757,1762,1735,1765,1734,1751,1766,1760,1759,1736,1755,1738,1754,1756,1767,1748,1763,1752,1768,1746,1750,1769,1740,1739,1761
171 1778,1771,1774,1780,1779,1777,1776,1772,1775,1781,1773,1770
172 1782,1786,1784,1787,1783,1785
175 1819,1801,1815,1795,1799,1800,1822,1809,1827,1803,1823,1817,1796,1832,1816,1813,1808,1804,1807,1811,1798,1790,1820,1835,1794,1802,1791,1830,1805,1831,1829,1824,1821,1834,1792,1810,1797,1788,1793,1814,1789,1825,1812,1818,1828,1833,1806,1826
177 1850,1861,1863,1845,1839,1860,1844,1842,1841,1865,1840,1864,1838,1837,1854,1855,1846,1847,1849,1851,1852,1843,1856,1853,1848,1862,1857,1859,1836,1858
178 1882,1874,1868,1880,1866,1881,1876,1875,1873,1877,1878,1867,1883,1870,1871,1869,1872,1879
179 1886,1884,1888,1889,1885,1887
182 1894,1893,1890,1895,1892,1891
183 1900,1901,1896,1903,1904,1897,1907,1899,1905,1902,1906,1898
73 1913,1914,1923,1917,1916,1921,1918,1911,1912,1919,1920,1909,1910,1922,1915,1924,1925,1908
184 1937,1930,1931,1935,1932,1926,1933,1936,1929,1927,1928,1934
186 1951,1946,1942,1959,1947,1953,1948,1938,1952,1949,1955,1956,1954,1945,1960,1958,1961,1944,1943,1939,1941,1950,1957,1940
187 1962,1963,1993,1996,1967,1997,1977,1968,1974,1978,1975,1988,1990,1992,1966,1976,1973,1979,1994,1981,1969,1970,1982,1984,1987,1986,1980,1991,1971,1983,1989,1965,1972,1985,1995,1964
255 2001,1998,2008,2003,1999,2004,2000,2009,2007,2005,2002,2006
188 2017,2012,2029,2023,2028,2033,2032,2026,2021,2016,2022,2014,2019,2027,2031,2025,2030,2024,2018,2020,2015,2010,2013,2011
109 2042,2059,2037,2053,2047,2038,2058,2056,2062,2034,2050,2048,2044,2061,2057,2052,2051,2063,2043,2060,2046,2041,2036,2040,2035,2049,2039,2045,2055,2054
191 2080,2090,2079,2078,2066,2093,2067,2070,2083,2076,2065,2077,2091,2072,2089,2085,2073,2069,2075,2084,2068,2081,2074,2087,2086,2088,2064,2071,2092,2082
193 2097,2095,2103,2102,2098,2104,2101,2100,2099,2094,2096,2105
194 2117,2112,2123,2129,2109,2106,2116,2110,2120,2113,2124,2119,2108,2128,2126,2111,2125,2114,2127,2118,2107,2121,2122,2115
196 2148,2143,2146,2138,2152,2156,2142,2136,2158,2144,2159,2132,2149,2155,2147,2139,2133,2131,2141,2154,2153,2151,2140,2134,2137,2157,2135,2130,2145,2150
198 2218,2223,2165,2216,2192,2164,2184,2220,2231,2188,2210,2205,2213,2204,2183,2199,2217,2225,2224,2227,2161,2186,2243,2196,2219,2173,2190,2169,2202,2175,2167,2194,2200,2212,2242,2171,2179,2166,2221,2222,2201,2191,2197,2241,2230,2203,2168,2180,2207,2181,2160,2209,2170,2162,2215,2233,2208,2240,2176,2172,2239,2226,2235,2206,2189,2174,2232,2234,2236,2185,2193,2163,2182,2177,2214,2198,2228,2238,2237,2195,2178,2211,2187,2229
200 2251,2244,2245,2249,2248,2253,2255,2250,2252,2246,2247,2254
201 2272,2261,2265,2257,2281,2268,2282,2284,2259,2274,2270,2277,2269,2283,2263,2262,2276,2267,2271,2258,2266,2279,2264,2260,2275,2280,2278,2285,2273,2256
202 2288,2291,2293,2304,2294,2312,2297,2301,2287,2300,2309,2290,2313,2315,2314,2295,2303,2292,2296,2286,2310,2298,2305,2299,2302,2311,2308,2306,2289,2307
204 2321,2319,2320,2316,2317,2318
206 2337,2340,2339,2329,2335,2330,2323,2327,2322,2342,2338,2326,2343,2345,2328,2332,2331,2334,2333,2325,2336,2341,2344,2324
208 2352,2347,2346,2357,2355,2354,2361,2358,2351,2353,2369,2360,2365,2349,2362,2366,2348,2367,2356,2350,2364,2368,2359,2363
245 2386,2372,2371,2387,2382,2376,2373,2381,2385,2370,2383,2380,2375,2377,2384,2379,2374,2378
209 2394,2393,2391,2398,2395,2399,2397,2396,2390,2388,2392,2389
210 2409,2421,2422,2419,2415,2414,2423,2410,2404,2400,2405,2402,2403,2420,2417,2401,2413,2408,2412,2416,2407,2418,2411,2406
214 2438,2430,2427,2461,2456,2451,2442,2429,2436,2464,2443,2424,2437,2447,2445,2452,2450,2454,2457,2455,2435,2440,2439,2446,2465,2460,2449,2428,2453,2433,2426,2448,2431,2462,2444,2458,2432,2441,2425,2463,2459,2434
215 2471,2467,2466,2469,2470,2468
217 2476,2475,2477,2473,2474,2472
219 2482,2484,2487,2495,2488,2494,2490,2492,2491,2479,2483,2493,2478,2485,2486,2481,2489,2480
221 2512,2509,2503,2506,2504,2508,2502,2513,2505,2498,2497,2499,2501,2510,2511,2496,2500,2507
222 2545,2549,2551,2561,2515,2526,2563,2529,2530,2544,2519,2541,2566,2569,2571,2572,2548,2559,2527,2555,2528,2558,2547,2517,2514,2538,2516,2564,2539,2535,2554,2523,2540,2553,2534,2532,2521,2531,2543,2518,2542,2556,2562,2573,2537,2570,2522,2546,2567,2524,2536,2568,2565,2550,2525,2557,2552,2520,2533,2560
223 2591,2576,2583,2589,2574,2588,2584,2587,2590,2581,2578,2579,2582,2586,2580,2575,2577,2585
227 2598,2601,2595,2606,2599,2608,2596,2600,2603,2602,2593,2592,2609,2594,2605,2604,2607,2597
229 2615,2610,2613,2611,2612,2614
232 2617,2625,2632,2633,2629,2623,2621,2618,2627,2619,2626,2630,2624,2628,2631,2622,2620,2616
235 2634,2635,2636,2639,2637,2638
236 2645,2643,2642,2640,2644,2641
110 2649,2647,2646,2650,2651,2648
239 2674,2688,2685,2694,2659,2653,2660,2693,2684,2698,2695,2657,2687,2679,2699,2678,2671,2669,2697,2658,2664,2677,2661,2691,2666,2656,2682,2683,2696,2686,2676,2665,2663,2672,2680,2690,2681,2654,2668,2675,2692,2667,2689,2655,2670,2673,2662,2652
55 2712,2717,2714,2727,2726,2707,2716,2732,2743,2723,2728,2734,2710,2740,2720,2703,2711,2708,2739,2709,2719,2715,2705,2700,2733,2721,2746,2724,2731,2704,2729,2722,2744,2735,2745,2706,2713,2702,2718,2737,2730,2742,2741,2738,2747,2701,2725,2736
246 2753,2749,2752,2748,2751,2750
248 2758,2755,2760,2765,2769,2762,2766,2754,2756,2768,2771,2767,2759,2761,2757,2763,2770,2764
253 2774,2781,2778,2782,2775,2780,2773,2776,2783,2777,2772,2779
254 2788,2787,2786,2789,2785,2784
256 2801,2798,2800,2791,2795,2790,2793,2794,2796,2799,2792,2797
258 2826,2803,2809,2816,2822,2846,2841,2831,2830,2845,2840,2808,2835,2812,2804,2843,2832,2834,2815,2848,2810,2805,2807,2844,2802,2849,2839,2820,2823,2837,2819,2814,2827,2829,2833,2811,2818,2828,2813,2817,2842,2824,2838,2821,2806,2836,2825,2847
259 2854,2855,2860,2856,2853,2851,2858,2859,2852,2850,2861,2857
260 2875,2879,2868,2864,2874,2865,2862,2878,2872,2877,2870,2876,2863,2867,2869,2871,2866,2873
262 2886,2884,2883,2880,2891,2881,2889,2887,2882,2885,2888,2890
263 2900,2899,2914,2893,2897,2915,2905,2902,2907,2898,2901,2896,2904,2895,2894,2911,2909,2912,2892,2908,2903,2913,2910,2906
123 2924,2931,2926,2929,2930,2922,2920,2928,2921,2925,2919,2916,2933,2932,2918,2923,2927,2917
224 2940,2945,2939,2934,2937,2941,2944,2935,2943,2942,2938,2936
103 2956,2961,2951,2960,2947,2969,2954,2968,2958,2962,2959,2952,2966,2949,2946,2955,2964,2965,2967,2950,2948,2957,2953,2963
5 2977,2978,2979,2975,2976,2971,2970,2973,2974,2980,2972,2981
62 2998,3001,2982,2991,2993,2985,2988,2990,2995,2994,3002,2996,2997,2999,3005,2983,2992,3003,3004,2986,2989,2987,2984,3000
145 3035,3022,3032,3034,3024,3040,3027,3007,3036,3012,3031,3020,3018,3038,3010,3025,3029,3008,3006,3011,3028,3021,3009,3023,3019,3041,3015,3033,3026,3030,3013,3037,3039,3014,3017,3016
72 3047,3043,3044,3046,3045,3042
163 3105,3101,3061,3057,3072,3103,3106,3067,3076,3100,3058,3093,3069,3077,3052,3081,3055,3085,3086,3088,3049,3087,3090,3098,3102,3097,3071,3107,3091,3066,3051,3084,3073,3082,3065,3089,3078,3056,3092,3050,3059,3054,3048,3075,3064,3104,3080,3099,3070,3079,3060,3062,3053,3068,3063,3094,3074,3083,3096,3095
150 3109,3112,3110,3108,3113,3111
38 3114,3119,3116,3115,3117,3118
8 3123,3130,3120,3125,3122,3126,3124,3132,3136,3134,3129,3127,3135,3128,3133,3131,3137,3121
27 3138,3142,3140,3139,3143,3141
79 3146,3149,3148,3144,3147,3145
61 3155,3167,3170,3165,3171,3179,3174,3176,3164,3183,3181,3162,3156,3152,3161,3157,3173,3185,3184,3150,3175,3182,3178,3163,3177,3160,3151,3166,3168,3159,3169,3172,3153,3158,3154,3180
176 3194,3195,3202,3203,3198,3196,3187,3201,3193,3186,3189,3188,3200,3197,3190,3199,3192,3191
154 3217,3220,3208,3221,3209,3210,3213,3211,3214,3206,3204,3215,3207,3212,3218,3216,3205,3219
33 3223,3222,3224,3227,3226,3225
7 3239,3228,3231,3232,3241,3229,3230,3234,3233,3237,3245,3240,3242,3236,3244,3243,3235,3238
189 3248,3247,3250,3249,3251,3246
89 3259,3256,3277,3263,3278,3279,3272,3265,3269,3254,3258,3293,3281,3290,3270,3285,3257,3280,3255,3291,3253,3252,3282,3266,3288,3260,3275,3274,3286,3271,3289,3268,3264,3283,3284,3276,3267,3287,3292,3262,3261,3273
100 3298,3301,3295,3296,3299,3304,3302,3297,3294,3305,3303,3300
17 3310,3311,3308,3309,3306,3307
35 3316,3313,3314,3312,3317,3315
63 3318,3320,3319,3321,3323,3322
2 3341,3336,3330,3329,3337,3326,3344,3324,3346,3347,3333,3328,3335,3340,3327,3343,3345,3325,3342,3331,3339,3334,3332,3338
58 3352,3354,3350,3357,3348,3353,3358,3356,3351,3355,3359,3349
173 3365,3372,3368,3362,3371,3369,3363,3360,3377,3364,3370,3374,3361,3376,3375,3367,3373,3366
158 3382,3379,3383,3381,3378,3380
113 3432,3390,3397,3402,3405,3436,3422,3424,3426,3399,3423,3431,3425,3407,3412,3387,3421,3403,3391,3385,3420,3434,3419,3416,3437,3433,3413,3430,3414,3393,3410,3418,3417,3404,3384,3395,3394,3408,3398,3401,3435,3400,3406,3427,3415,3409,3396,3429,3411,3389,3388,3392,3428,3386
114 3442,3443,3438,3441,3439,3440
9 3459,3445,3465,3458,3452,3451,3444,3449,3467,3450,3447,3463,3461,3454,3446,3466,3460,3457,3453,3464,3455,3462,3448,3456
251 3471,3469,3470,3468,3472,3473
43 3477,3479,3476,3478,3474,3475
10 3487,3489,3497,3495,3484,3485,3488,3492,3496,3481,3494,3486,3482,3480,3490,3493,3483,3491
241 3499,3498,3502,3503,3500,3501
226 3505,3517,3508,3520,3521,3519,3516,3514,3506,3524,3523,3527,3522,3526,3509,3511,3518,3504,3513,3512,3510,3507,3525,3515
155 3538,3545,3544,3529,3543,3533,3542,3541,3547,3537,3557,3535,3540,3539,3555,3546,3552,3553,3531,3551,3534,3530,3528,3549,3554,3550,3556,3536,3532,3548
164 3559,3563,3562,3558,3561,3560
81 3567,3584,3587,3581,3585,3583,3573,3578,3565,3575,3586,3566,3568,3579,3577,3572,3570,3571,3576,3582,3569,3574,3564,3580
44 3590,3591,3588,3589,3592,3593
20 3605,3604,3598,3597,3596,3595,3599,3600,3603,3602,3594,3601
45 3614,3620,3615,3623,3618,3616,3607,3617,3621,3610,3609,3619,3611,3622,3613,3612,3606,3608
77 3628,3643,3626,3658,3627,3667,3638,3664,3637,3657,3665,3648,3660,3659,3642,3670,3663,3671,3646,3656,3661,3641,3650,3645,3653,3669,3630,3636,3644,3632,3633,3649,3624,3654,3652,3639,3647,3629,3634,3625,3655,3631,3640,3651,3635,3662,3666,3668
11 3679,3677,3680,3681,3683,3675,3676,3678,3672,3682,3673,3674
203 3699,3693,3703,3712,3715,3687,3707,3702,3688,3695,3708,3719,3685,3700,3714,3701,3717,3684,3705,3696,3691,3690,3716,3709,3686,3718,3697,3706,3694,3698,3710,3704,3713,3692,3689,3711
230 3730,3728,3727,3731,3729,3720,3722,3726,3723,3725,3721,3724
181 3733,3739,3743,3754,3749,3748,3736,3751,3738,3746,3755,3744,3752,3753,3750,3742,3737,3732,3734,3747,3741,3745,3735,3740
57 3761,3760,3758,3759,3756,3757
213 3772,3764,3774,3763,3773,3768,3767,3769,3771,3776,3770,3765,3775,3779,3762,3766,3778,3777
3 3789,3787,3790,3780,3784,3785,3783,3791,3786,3788,3781,3782
228 3794,3821,3801,3809,3805,3817,3807,3811,3819,3820,3803,3810,3804,3813,3818,3795,3796,3816,3815,3808,3792,3798,3802,3814,3812,3806,3797,3800,3793,3799
139 3825,3830,3836,3822,3827,3843,3844,3829,3840,3824,3839,3833,3831,3838,3826,3842,3837,3841,3828,3834,3823,3832,3835,3845
46 3878,3872,3851,3862,3879,3866,3874,3877,3857,3868,3861,3870,3859,3876,3880,3875,3846,3865,3869,3873,3850,3871,3856,3849,3858,3863,3881,3853,3867,3847,3852,3860,3864,3848,3855,3854
64 3894,3910,3923,3882,3938,3892,3925,3888,3884,3901,3917,3904,3924,3941,3926,3885,3890,3897,3931,3921,3935,3909,3933,3940,3912,3918,3900,3893,3903,3937,3913,3899,3929,3920,3927,3936,3914,3898,3915,3889,3895,3883,3934,3916,3922,3887,3919,3908,3891,3939,3905,3928,3907,3902,3932,3906,3930,3886,3911,3896
26 3947,3943,3946,3942,3945,3944
243 3949,3952,3948,3951,3953,3950
91 3959,3956,3955,3957,3954,3958
0 3961,3960,3964,3965,3962,3963
162 3979,3976,3968,3981,3983,3969,3973,3984,3975,3989,3967,3970,3972,3971,3978,3986,3977,3987,3966,3988,3982,3974,3985,3980
132 3990,3991,3993,3998,3994,3999,3995,4001,4000,3997,3992,3996
36 4018,4019,4005,4009,4015,4023,4022,4016,4011,4006,4020,4029,4008,4028,4021,4002,4013,4010,4026,4024,4030,4031,4007,4027,4017,4025,4012,4004,4003,4014
156 4033,4036,4037,4035,4032,4034
107 4071,4079,4041,4043,4045,4040,4047,4077,4038,4046,4050,4066,4061,4078,4042,4062,4054,4073,4070,4048,4067,4055,4064,4053,4051,4069,4044,4063,4049,4039,4060,4076,4052,4058,4056,4075,4074,4057,4065,4068,4059,4072
249 4089,4081,4087,4085,4080,4082,4083,4091,4090,4086,4084,4088
85 4108,4095,4098,4092,4109,4099,4097,4107,4093,4104,4096,4100,4106,4102,4105,4094,4101,4103
225 4127,4120,4126,4115,4116,4117,4114,4123,4119,4111,4118,4124,4113,4112,4125,4110,4121,4122
231 4133,4132,4128,4129,4131,4130
240 4136,4144,4142,4141,4140,4145,4143,4134,4137,4139,4138,4135
135 4171,4179,4163,4156,4174,4168,4150,4178,4159,4165,4173,4152,4170,4172,4158,4151,4155,4160,4162,4161,4153,4176,4147,4167,4175,4164,4154,4149,4166,4169,4177,4148,4181,4157,4146,4180
207 4182,4187,4186,4185,4183,4184
197 4195,4188,4200,4198,4202,4210,4192,4189,4191,4207,4193,4199,4201,4204,4209,4208,4205,4211,4206,4203,4194,4196,4197,4190
15 4214,4212,4215,4213,4217,4216
252 4221,4222,4233,4232,4223,4225,4231,4218,4220,4234,4229,4226,4219,4228,4230,4224,4227,4235
185 4236,4242,4241,4244,4243,4240,4247,4238,4237,4245,4246,4239
6 4262,4249,4266,4253,4256,4264,4261,4265,4252,4255,4257,4263,4258,4267,4259,4260,4254,4248,4268,4250,4270,4271,4269,4251
161 4294,4283,4308,4306,4297,4274,4307,4292,4285,4314,4300,4289,4296,4280,4305,4303,4288,4301,4272,4282,4284,4293,4299,4278,4281,4290,4309,4318,4312,4273,4319,4315,4298,4317,4287,4302,4291,4311,4276,4286,4279,4275,4313,4277,4310,4316,4295,4304
218 4329,4327,4328,4324,4320,4321,4331,4325,4323,4322,4330,4326
136 4334,4336,4335,4333,4341,4343,4339,4340,4337,4342,4332,4338
94 4347,4346,4345,4351,4353,4349,4348,4344,4350,4352,4355,4354
37 4362,4363,4368,4376,4399,4369,4375,4372,4358,4396,4373,4378,4381,4398,4384,4364,4379,4402,4365,4390,4397,4356,4357,4359,4385,4400,4392,4383,4389,4387,4391,4394,4366,4393,4388,4395,4382,4361,4380,4377,4367,4386,4401,4374,4403,4371,4360,4370
149 4450,4417,4454,4449,4451,4446,4465,4459,4453,4469,4441,4423,4457,4462,4455,4460,4412,4413,4433,4414,4435,4409,4429,4426,4404,4436,4458,4407,4410,4440,4464,4411,4452,4432,4428,4468,4434,4425,4463,4444,4420,4442,4467,4447,4419,4408,4406,4437,4415,4418,4445,4416,4405,4427,4439,4461,4430,4422,4448,4424,4466,4421,4438,4443,4456,4431
13 4475,4473,4471,4472,4470,4474
39 4476,4480,4478,4477,4481,4479
