234 6,11,3,7,8,10,9,1,4,0,5,2
1 22,24,28,23,31,25,18,27,35,39,12,37,36,17,38,14,41,20,15,29,30,19,26,33,34,16,13,32,40,21
4 44,51,46,48,53,43,49,52,50,42,47,45
16 57,63,56,64,59,60,58,62,54,65,55,61
18 95,107,99,96,91,105,106,109,72,84,92,68,100,97,113,81,87,83,69,90,66,86,70,89,108,93,77,79,74,102,80,103,82,76,112,104,94,67,73,110,71,78,85,111,101,98,75,88
19 115,120,125,124,122,117,119,118,123,116,114,121
21 143,146,156,139,134,152,161,151,132,141,130,144,127,155,159,140,133,135,128,149,138,131,142,129,158,137,148,145,150,136,126,153,147,157,160,154
23 173,162,166,169,172,170,175,174,179,177,171,167,165,163,178,176,164,168
24 189,187,183,190,186,188,191,180,182,184,181,185
25 193,194,197,196,195,200,199,192,201,202,203,198
28 217,220,215,221,205,212,214,219,213,218,204,208,216,211,207,210,206,209
30 233,229,235,239,238,237,227,232,234,230,225,224,228,236,223,222,231,226
31 249,241,255,254,245,247,248,240,256,252,257,244,242,243,246,250,253,251
32 270,280,267,271,276,268,262,259,277,279,273,264,263,266,272,269,278,275,258,261,281,265,274,260
216 301,323,293,305,298,317,309,303,322,318,288,294,282,304,315,319,283,290,321,311,285,295,312,316,289,307,302,313,287,297,314,300,320,306,291,284,299,308,286,292,310,296
34 376,377,326,344,361,336,338,337,359,355,374,345,358,346,373,375,365,363,357,369,370,343,341,348,352,349,367,342,366,351,347,360,328,356,368,330,354,335,334,329,364,362,331,324,339,332,333,327,372,325,340,353,350,371
40 378,390,381,395,383,392,389,393,388,380,394,387,384,385,382,386,379,391
41 413,410,406,400,405,396,404,401,412,411,409,402,399,408,398,407,403,397
42 424,430,419,420,426,428,414,423,421,416,418,415,429,427,431,417,425,422
199 434,433,435,432,436,437
160 471,460,473,470,452,445,465,440,461,442,444,463,449,468,453,448,447,446,467,466,459,438,439,457,450,443,456,464,458,472,455,441,462,469,454,451
47 477,483,490,478,499,491,511,507,497,516,475,506,503,479,487,492,512,480,519,498,476,474,521,504,515,508,494,510,482,495,502,481,509,500,520,505,513,496,486,501,518,517,493,489,485,484,514,488
78 546,528,531,547,541,525,524,537,532,523,529,538,522,549,527,536,540,544,534,545,533,526,539,550,543,542,548,535,551,530
48 561,554,552,558,553,556,557,555,560,559,563,562
53 571,572,574,565,575,569,570,568,567,566,564,573
250 576,580,585,592,579,587,582,588,590,591,589,578,583,586,581,577,584,593
49 594,602,596,601,604,598,595,600,605,599,597,603
257 611,608,607,606,609,610
22 621,616,619,620,615,618,612,617,614,623,613,622
67 639,625,629,638,658,650,635,659,632,651,654,637,627,649,648,641,628,636,643,633,634,652,642,644,624,653,630,647,656,655,657,626,631,640,645,646
68 691,660,694,673,687,690,668,667,680,661,663,682,675,686,664,688,695,683,678,681,684,689,676,671,693,666,670,665,672,662,677,669,679,674,685,692
69 705,703,707,704,701,699,698,702,706,697,696,700
71 720,725,713,724,717,718,722,708,714,716,723,721,715,712,719,710,711,709
74 735,726,728,730,737,727,733,734,729,731,736,732
75 738,792,793,762,781,780,770,779,776,768,749,774,786,759,772,757,796,789,740,773,791,778,765,756,771,752,750,785,797,787,743,777,760,744,782,795,783,758,745,739,766,754,747,746,788,790,741,764,794,761,742,767,753,784,748,755,775,751,769,763
76 800,801,798,799,802,803
159 806,810,814,807,815,813,811,812,805,809,804,808
80 903,907,896,862,885,909,842,900,846,882,830,816,841,910,865,881,897,873,838,894,821,875,851,902,839,854,857,868,855,861,880,886,831,833,898,871,845,911,824,826,822,860,844,899,843,906,828,890,905,866,876,872,888,818,863,892,874,895,877,908,879,870,884,883,887,893,829,823,827,837,859,849,825,856,834,889,878,891,901,869,820,858,852,850,867,832,819,853,848,840,847,904,836,835,817,864
82 915,924,917,925,916,912,929,918,928,919,926,927,923,914,920,921,913,922
83 968,960,949,955,961,934,962,972,963,938,951,939,948,977,954,945,944,937,975,973,966,967,956,965,930,936,931,946,941,935,957,958,933,932,940,943,959,974,970,969,976,971,953,964,947,952,950,942
84 978,981,983,982,979,980
87 1007,1005,998,984,987,1002,986,992,1001,1013,988,1004,1008,990,989,995,985,1003,993,1009,994,1000,997,996,1012,1011,999,991,1006,1010
88 1015,1014,1016,1017,1018,1019
90 1026,1028,1031,1024,1025,1022,1027,1023,1021,1020,1030,1029
92 1039,1035,1038,1037,1042,1032,1033,1036,1043,1034,1041,1040
96 1050,1048,1053,1051,1055,1044,1052,1046,1045,1049,1047,1054
98 1059,1064,1060,1058,1063,1067,1061,1057,1056,1062,1065,1066
97 1072,1070,1079,1085,1081,1068,1074,1076,1084,1077,1080,1078,1082,1069,1071,1075,1073,1083
102 1086,1089,1090,1088,1091,1087
190 1096,1093,1095,1092,1097,1094
105 1101,1107,1100,1098,1104,1103,1109,1108,1106,1105,1099,1102
50 1110,1113,1111,1112,1115,1114
106 1118,1121,1119,1120,1116,1117
108 1129,1137,1134,1146,1142,1123,1138,1147,1141,1127,1139,1132,1150,1151,1133,1136,1148,1131,1144,1135,1140,1126,1124,1122,1125,1145,1149,1128,1143,1130
112 1156,1155,1153,1159,1152,1157,1158,1161,1162,1160,1154,1163
119 1181,1166,1168,1173,1171,1169,1184,1175,1178,1164,1187,1183,1186,1177,1174,1167,1172,1170,1179,1176,1180,1165,1185,1182
120 1198,1199,1196,1197,1189,1191,1192,1188,1193,1190,1195,1194
121 1207,1224,1202,1205,1209,1216,1208,1200,1218,1212,1201,1213,1228,1204,1229,1217,1219,1225,1223,1206,1211,1226,1227,1220,1210,1203,1215,1221,1214,1222
122 1261,1240,1271,1249,1295,1254,1262,1230,1288,1258,1231,1293,1265,1256,1243,1244,1236,1250,1241,1280,1284,1287,1245,1235,1272,1238,1268,1276,1290,1294,1263,1257,1259,1248,1266,1274,1283,1246,1273,1267,1292,1251,1264,1242,1275,1277,1239,1281,1233,1260,1282,1269,1270,1286,1237,1253,1278,1291,1279,1252,1232,1289,1255,1247,1234,1285
65 1307,1306,1305,1312,1311,1304,1299,1308,1309,1296,1300,1302,1301,1313,1303,1310,1297,1298
124 1319,1315,1318,1317,1314,1316
125 1320,1321,1324,1323,1325,1322
115 1331,1327,1329,1330,1326,1328
126 1332,1333,1334,1337,1336,1335
128 1341,1350,1351,1353,1347,1342,1354,1343,1352,1355,1348,1339,1338,1345,1344,1349,1340,1346
131 1402,1358,1410,1409,1395,1454,1471,1433,1432,1414,1398,1441,1455,1367,1381,1385,1474,1422,1388,1451,1389,1366,1416,1404,1460,1408,1431,1426,1430,1434,1357,1456,1458,1475,1447,1435,1440,1425,1444,1374,1360,1382,1467,1364,1411,1403,1419,1371,1407,1446,1470,1450,1379,1473,1377,1413,1415,1368,1443,1418,1466,1363,1463,1420,1370,1401,1376,1465,1392,1421,1442,1394,1452,1386,1427,1464,1362,1375,1439,1459,1429,1396,1361,1356,1449,1437,1436,1461,1424,1445,1453,1412,1391,1387,1373,1393,1405,1457,1369,1384,1448,1383,1400,1365,1406,1438,1417,1428,1468,1378,1359,1380,1372,1462,1423,1472,1390,1469,1399,1397
129 1476,1477,1479,1478,1481,1480
130 1483,1482,1485,1487,1486,1484
134 1494,1498,1496,1495,1499,1488,1492,1490,1497,1493,1491,1489
138 1500,1502,1503,1505,1501,1504
142 1516,1523,1512,1515,1514,1513,1522,1511,1506,1517,1510,1519,1518,1507,1524,1509,1521,1520,1528,1508,1527,1529,1526,1525
144 1531,1532,1535,1534,1533,1530
60 1545,1550,1575,1539,1565,1538,1536,1551,1549,1557,1569,1574,1544,1564,1552,1567,1571,1576,1562,1542,1570,1559,1573,1553,1554,1548,1555,1540,1560,1546,1566,1563,1556,1561,1572,1558,1537,1577,1543,1568,1547,1541
146 1594,1590,1582,1587,1585,1595,1579,1586,1588,1580,1589,1591,1593,1584,1578,1583,1581,1592
147 1613,1610,1607,1599,1611,1604,1612,1597,1596,1609,1600,1608,1605,1598,1603,1606,1602,1601
148 1615,1616,1614,1618,1619,1617
151 1622,1621,1630,1631,1625,1624,1626,1627,1628,1623,1620,1629
152 1663,1652,1655,1656,1662,1634,1643,1645,1666,1658,1651,1664,1637,1635,1639,1654,1650,1653,1636,1649,1657,1644,1633,1667,1638,1641,1642,1640,1648,1647,1632,1646,1665,1661,1659,1660
153 1680,1689,1679,1688,1684,1687,1691,1685,1690,1682,1668,1672,1681,1694,1675,1692,1670,1676,1677,1673,1693,1697,1671,1696,1669,1683,1678,1686,1695,1674
165 1699,1706,1709,1713,1708,1698,1704,1702,1705,1703,1701,1715,1700,1712,1710,1711,1714,1707
167 1717,1721,1718,1720,1716,1719
168 1726,1724,1729,1730,1723,1727,1722,1728,1731,1732,1733,1725
169 1757,1740,1744,1751,1762,1755,1767,1742,1760,1769,1739,1746,1758,1768,1734,1753,1748,1766,1761,1759,1763,1752,1738,1756,1743,1750,1745,1741,1764,1747,1749,1754,1736,1737,1735,1765
171 1770,1776,1775,1773,1772,1777,1771,1779,1774,1781,1780,1778
172 1783,1787,1784,1785,1786,1782
175 1790,1806,1828,1831,1833,1818,1825,1812,1830,1796,1788,1811,1829,1795,1814,1809,1791,1805,1815,1817,1810,1802,1821,1826,1835,1789,1827,1820,1798,1816,1797,1800,1794,1793,1808,1832,1799,1804,1824,1823,1834,1803,1813,1807,1822,1792,1819,1801
177 1863,1861,1857,1836,1859,1847,1843,1852,1849,1862,1858,1838,1842,1846,1837,1848,1851,1860,1856,1855,1853,1844,1840,1854,1865,1845,1850,1841,1839,1864
178 1873,1872,1879,1866,1880,1878,1875,1874,1882,1877,1881,1870,1883,1871,1869,1876,1867,1868
179 1887,1885,1886,1888,1889,1884
182 1893,1891,1895,1892,1894,1890
183 1898,1907,1904,1900,1906,1902,1899,1903,1897,1896,1901,1905
73 1918,1925,1908,1923,1909,1924,1915,1921,1912,1916,1922,1919,1911,1914,1917,1910,1920,1913
184 1931,1926,1928,1929,1930,1927,1935,1933,1932,1934,1936,1937
186 1961,1954,1957,1949,1959,1942,1940,1944,1951,1948,1956,1947,1939,1941,1950,1938,1946,1943,1953,1958,1952,1955,1960,1945
187 1996,1979,1993,1964,1974,1969,1968,1965,1997,1971,1983,1980,1972,1989,1991,1981,1973,1984,1977,1985,1992,1976,1988,1994,1995,1982,1990,1967,1966,1962,1970,1978,1986,1987,1963,1975
255 2002,2003,2006,2007,2000,1999,2001,2004,2009,2008,1998,2005
188 2020,2016,2029,2011,2012,2032,2023,2033,2025,2024,2010,2018,2022,2027,2015,2030,2021,2013,2028,2019,2014,2031,2026,2017
109 2059,2039,2060,2035,2054,2063,2048,2046,2055,2040,2049,2045,2061,2062,2057,2044,2037,2053,2043,2050,2034,2051,2038,2052,2058,2036,2041,2056,2047,2042
191 2067,2071,2092,2087,2088,2076,2066,2075,2064,2082,2085,2083,2073,2089,2065,2072,2079,2070,2074,2086,2077,2093,2078,2084,2081,2080,2069,2068,2091,2090
193 2094,2097,2096,2104,2103,2100,2101,2105,2098,2102,2099,2095
194 2121,2106,2127,2120,2114,2128,2110,2129,2116,2111,2107,2108,2115,2112,2113,2124,2109,2125,2122,2126,2123,2118,2119,2117
196 2145,2130,2135,2157,2154,2140,2150,2136,2152,2143,2156,2155,2137,2144,2159,2142,2149,2131,2146,2147,2139,2132,2134,2153,2138,2158,2141,2148,2151,2133
198 2229,2187,2182,2192,2161,2231,2163,2168,2173,2164,2236,2243,2185,2172,2203,2204,2228,2219,2209,2194,2186,2241,2166,2169,2207,2184,2224,2183,2232,2177,2237,2210,2220,2205,2189,2193,2170,2238,2233,2178,2223,2211,2191,2227,2240,2160,2221,2200,2174,2225,2242,2199,2180,2239,2201,2171,2195,2235,2208,2206,2197,2226,2214,2179,2230,2215,2218,2190,2196,2188,2162,2176,2175,2217,2202,2213,2198,2181,2222,2165,2234,2212,2167,2216
200 2247,2255,2253,2251,2250,2254,2245,2252,2246,2248,2244,2249
201 2285,2270,2261,2275,2265,2263,2267,2276,2259,2266,2268,2278,2280,2273,2279,2269,2262,2283,2284,2256,2277,2260,2274,2271,2272,2264,2281,2258,2257,2282
202 2311,2301,2308,2315,2299,2310,2305,2304,2314,2297,2306,2302,2286,2313,2291,2296,2298,2295,2312,2287,2307,2303,2309,2289,2293,2294,2292,2290,2300,2288
204 2318,2321,2317,2319,2320,2316
206 2341,2343,2336,2335,2324,2344,2323,2330,2333,2334,2327,2337,2338,2325,2339,2345,2332,2342,2329,2328,2340,2322,2331,2326
208 2355,2354,2359,2364,2358,2368,2360,2357,2366,2348,2352,2356,2365,2350,2369,2347,2363,2362,2361,2351,2367,2346,2353,2349
245 2374,2378,2373,2384,2371,2387,2370,2372,2379,2383,2380,2381,2376,2375,2377,2382,2385,2386
209 2388,2393,2398,2390,2395,2389,2392,2394,2397,2391,2399,2396
210 2406,2411,2420,2421,2422,2417,2401,2418,2412,2408,2423,2410,2407,2404,2413,2400,2419,2403,2405,2416,2414,2402,2415,2409
214 2427,2434,2458,2432,2455,2425,2450,2435,2451,2457,2431,2441,2443,2430,2429,2461,2459,2465,2453,2447,2433,2440,2460,2442,2436,2428,2448,2444,2426,2438,2445,2456,2446,2452,2463,2454,2449,2464,2424,2462,2439,2437
215 2468,2469,2470,2467,2466,2471
217 2474,2477,2472,2475,2476,2473
219 2480,2495,2479,2491,2490,2481,2486,2487,2483,2488,2494,2485,2492,2482,2484,2493,2489,2478
221 2507,2510,2500,2499,2513,2505,2496,2508,2511,2501,2512,2506,2502,2503,2497,2498,2504,2509
222 2515,2552,2535,2536,2561,2562,2546,2544,2560,2524,2541,2525,2520,2516,2564,2547,2528,2565,2569,2551,2573,2522,2530,2542,2518,2549,2558,2567,2556,2553,2566,2554,2517,2538,2526,2570,2532,2555,2557,2523,2540,2519,2514,2533,2521,2529,2559,2539,2568,2543,2563,2548,2571,2537,2534,2545,2550,2531,2527,2572
223 2585,2575,2579,2587,2577,2584,2590,2576,2578,2581,2580,2574,2586,2588,2583,2589,2591,2582
227 2597,2605,2606,2596,2601,2607,2594,2609,2602,2595,2604,2603,2592,2598,2599,2608,2600,2593
229 2614,2615,2613,2611,2610,2612
232 2631,2622,2628,2621,2619,2629,2625,2624,2620,2630,2618,2627,2633,2632,2616,2623,2626,2617
235 2638,2634,2637,2635,2636,2639
236 2643,2640,2644,2641,2642,2645
110 2651,2650,2647,2648,2646,2649
239 2685,2652,2662,2696,2667,2655,2664,2670,2686,2658,2689,2699,2665,2660,2694,2695,2663,2698,2675,2697,2681,2692,2668,2672,2673,2661,2666,2680,2654,2669,2678,2682,2691,2653,2671,2688,2659,2657,2677,2693,2679,2690,2674,2676,2687,2656,2684,2683
55 2712,2738,2733,2725,2734,2705,2747,2710,2709,2727,2745,2720,2702,2707,2717,2741,2701,2732,2742,2704,2700,2737,2739,2716,2743,2736,2719,2718,2726,2744,2730,2715,2706,2731,2728,2703,2713,2711,2735,2721,2722,2714,2729,2708,2746,2723,2724,2740
246 2752,2750,2753,2748,2751,2749
248 2771,2755,2763,2757,2767,2770,2760,2756,2754,2768,2758,2766,2761,2765,2764,2762,2759,2769
253 2776,2783,2775,2780,2779,2782,2772,2781,2773,2777,2778,2774
254 2787,2785,2784,2788,2789,2786
256 2797,2792,2791,2795,2801,2793,2794,2798,2796,2799,2800,2790
258 2822,2827,2836,2824,2846,2842,2820,2849,2840,2807,2834,2805,2828,2809,2845,2821,2823,2829,2835,2843,2811,2806,2838,2825,2817,2830,2819,2848,2802,2847,2804,2814,2808,2810,2837,2815,2832,2833,2818,2841,2803,2831,2813,2839,2812,2816,2844,2826
259 2857,2860,2854,2851,2859,2850,2853,2858,2861,2852,2855,2856
260 2874,2873,2875,2868,2870,2879,2867,2872,2869,2878,2862,2871,2864,2865,2863,2877,2866,2876
262 2890,2881,2883,2887,2880,2884,2889,2885,2891,2882,2886,2888
263 2913,2903,2904,2901,2905,2899,2908,2894,2897,2902,2898,2907,2906,2892,2896,2914,2912,2915,2911,2895,2900,2909,2893,2910
123 2923,2926,2927,2928,2918,2916,2922,2919,2932,2917,2921,2929,2930,2925,2920,2933,2924,2931
224 2942,2936,2940,2945,2934,2935,2944,2943,2939,2938,2941,2937
103 2962,2952,2953,2960,2958,2949,2965,2964,2950,2963,2947,2961,2951,2957,2967,2969,2968,2955,2966,2954,2956,2959,2946,2948
5 2977,2975,2974,2976,2979,2973,2980,2972,2981,2971,2970,2978
62 3000,2982,2986,2987,2993,3005,3002,2995,2996,2989,3004,2997,2988,2998,2999,2984,3003,3001,2992,2983,2990,2994,2985,2991
145 3013,3016,3032,3036,3030,3037,3025,3020,3038,3024,3019,3017,3014,3039,3026,3033,3041,3023,3007,3027,3010,3009,3006,3040,3028,3022,3008,3031,3018,3034,3015,3011,3012,3021,3035,3029
72 3043,3042,3045,3044,3046,3047
163 3069,3084,3107,3068,3074,3051,3081,3063,3066,3086,3071,3050,3062,3103,3094,3057,3089,3052,3067,3060,3082,3061,3079,3077,3097,3080,3073,3100,3083,3090,3093,3088,3096,3064,3058,3104,3049,3048,3091,3095,3102,3078,3087,3099,3092,3076,3072,3085,3059,3055,3053,3075,3056,3106,3101,3054,3065,3070,3098,3105
150 3113,3112,3109,3111,3108,3110
38 3117,3116,3114,3119,3115,3118
8 3137,3121,3131,3127,3129,3136,3125,3120,3133,3126,3135,3134,3132,3124,3130,3123,3128,3122
27 3138,3141,3139,3142,3143,3140
79 3145,3149,3148,3144,3146,3147
61 3180,3170,3182,3151,3185,3154,3184,3174,3153,3175,3159,3179,3169,3155,3178,3183,3173,3168,3164,3157,3171,3177,3150,3166,3165,3172,3156,3158,3181,3163,3160,3176,3152,3161,3167,3162
176 3191,3193,3202,3187,3192,3203,3199,3198,3200,3196,3189,3201,3186,3197,3190,3188,3195,3194
154 3219,3220,3205,3207,3212,3211,3216,3213,3209,3221,3206,3204,3208,3210,3218,3214,3215,3217
33 3225,3224,3226,3222,3223,3227
7 3235,3231,3243,3228,3241,3242,3234,3236,3245,3229,3240,3230,3238,3237,3233,3232,3244,3239
189 3246,3249,3251,3247,3250,3248
89 3260,3271,3262,3288,3273,3257,3270,3253,3280,3293,3252,3268,3281,3285,3279,3292,3267,3265,3278,3275,3289,3261,3276,3284,3269,3264,3283,3263,3286,3259,3282,3291,3255,3258,3290,3266,3254,3274,3287,3272,3256,3277
100 3294,3297,3298,3295,3302,3305,3304,3303,3300,3299,3296,3301
17 3310,3307,3309,3308,3306,3311
35 3314,3312,3316,3315,3313,3317
63 3323,3320,3321,3322,3319,3318
2 3330,3329,3347,3331,3334,3324,3342,3339,3333,3338,3341,3344,3340,3325,3328,3332,3335,3337,3346,3345,3326,3343,3336,3327
58 3349,3352,3359,3357,3351,3355,3348,3353,3354,3350,3358,3356
173 3361,3366,3372,3375,3373,3367,3370,3365,3374,3364,3377,3360,3369,3363,3371,3368,3362,3376
158 3380,3379,3383,3378,3382,3381
113 3431,3405,3437,3406,3410,3407,3425,3386,3429,3421,3417,3388,3415,3414,3408,3394,3391,3422,3404,3427,3433,3384,3411,3409,3430,3403,3432,3428,3416,3420,3396,3412,3419,3392,3424,3393,3390,3385,3398,3436,3423,3395,3435,3387,3426,3397,3399,3400,3434,3389,3401,3402,3418,3413
114 3442,3443,3440,3438,3441,3439
9 3451,3459,3462,3452,3461,3467,3445,3448,3454,3456,3450,3447,3446,3460,3463,3455,3458,3449,3466,3444,3465,3457,3453,3464
251 3468,3473,3471,3469,3470,3472
43 3474,3479,3476,3475,3477,3478
10 3491,3485,3481,3493,3490,3497,3483,3489,3484,3482,3480,3492,3495,3494,3486,3496,3488,3487
241 3500,3499,3502,3503,3501,3498
226 3508,3504,3515,3527,3516,3521,3517,3513,3512,3525,3505,3507,3514,3526,3506,3518,3509,3524,3520,3510,3511,3519,3523,3522
155 3529,3541,3548,3553,3550,3547,3533,3532,3536,3549,3528,3539,3551,3546,3544,3543,3537,3534,3540,3556,3530,3542,3535,3531,3555,3554,3552,3545,3557,3538
164 3560,3559,3561,3562,3558,3563
81 3577,3584,3574,3567,3587,3569,3570,3580,3571,3566,3565,3573,3581,3564,3578,3583,3568,3576,3582,3579,3585,3586,3572,3575
44 3592,3593,3591,3588,3590,3589
20 3602,3600,3599,3598,3594,3605,3595,3596,3603,3604,3597,3601
45 3606,3612,3620,3622,3615,3623,3616,3609,3613,3619,3621,3608,3617,3611,3618,3607,3610,3614
77 3667,3670,3666,3668,3625,3663,3638,3662,3635,3669,3645,3631,3660,3626,3646,3644,3655,3637,3665,3629,3652,3632,3627,3654,3661,3630,3634,3656,3641,3671,3639,3664,3650,3643,3628,3624,3648,3647,3649,3659,3651,3658,3642,3636,3640,3633,3657,3653
11 3674,3683,3680,3672,3677,3673,3676,3679,3675,3681,3682,3678
203 3696,3703,3707,3712,3692,3715,3684,3689,3685,3706,3688,3701,3710,3686,3694,3697,3716,3714,3690,3704,3717,3711,3708,3718,3691,3705,3698,3713,3699,3695,3702,3719,3687,3693,3709,3700
230 3728,3721,3724,3727,3731,3725,3722,3726,3723,3720,3729,3730
181 3740,3744,3747,3749,3735,3746,3748,3754,3734,3745,3743,3751,3741,3742,3736,3752,3737,3738,3750,3733,3732,3755,3753,3739
57 3757,3759,3761,3756,3758,3760
213 3770,3773,3762,3764,3775,3771,3776,3763,3766,3778,3769,3768,3779,3777,3772,3774,3765,3767
3 3781,3780,3788,3790,3787,3789,3791,3782,3786,3783,3784,3785
228 3797,3793,3806,3804,3817,3812,3818,3807,3800,3820,3819,3795,3798,3816,3811,3792,3799,3815,3810,3808,3814,3821,3809,3796,3805,3802,3803,3813,3794,3801
139 3832,3823,3845,3836,3838,3828,3837,3835,3824,3827,3825,3822,3831,3839,3833,3840,3841,3830,3826,3829,3843,3834,3844,3842
46 3876,3879,3847,3848,3864,3852,3875,3872,3846,3880,3877,3870,3854,3855,3863,3857,3861,3859,3869,3868,3873,3853,3860,3871,3878,3849,3865,3867,3851,3862,3866,3881,3858,3874,3850,3856
64 3911,3935,3938,3915,3886,3930,3896,3931,3939,3905,3906,3908,3891,3909,3927,3941,3901,3904,3925,3934,3926,3907,3932,3893,3900,3937,3919,3918,3928,3887,3903,3920,3924,3883,3913,3933,3914,3912,3892,3936,3897,3899,3888,3895,3882,3917,3929,3885,3921,3922,3889,3916,3890,3884,3902,3923,3894,3940,3898,3910
26 3944,3946,3947,3942,3945,3943
243 3950,3951,3948,3952,3949,3953
91 3959,3957,3955,3954,3958,3956
0 3960,3963,3961,3965,3964,3962
162 3972,3980,3970,3985,3983,3977,3978,3969,3986,3981,3982,3987,3976,3966,3971,3984,3979,3975,3974,3968,3988,3973,3989,3967
132 3993,3996,3994,3992,3990,3998,3991,4001,3997,3999,3995,4000
36 4004,4013,4003,4014,4017,4012,4022,4010,4006,4015,4025,4005,4020,4019,4024,4016,4021,4026,4028,4007,4023,4018,4002,4031,4008,4011,4029,4027,4030,4009
156 4033,4036,4032,4037,4034,4035
107 4072,4067,4059,4051,4073,4061,4064,4065,4075,4069,4039,4049,4055,4066,4046,4076,4070,4045,4079,4068,4044,4057,4077,4054,4063,4048,4058,4050,4060,4062,4042,4047,4041,4038,4043,4074,4056,4078,4052,4040,4053,4071
249 4084,4086,4090,4081,4091,4087,4080,4088,4082,4085,4089,4083
85 4103,4101,4105,4097,4100,4099,4093,4094,4109,4108,4102,4107,4106,4096,4104,4092,4098,4095
225 4122,4123,4116,4125,4120,4119,4113,4121,4111,4114,4124,4110,4118,4115,4117,4127,4112,4126
231 4132,4129,4130,4128,4131,4133
240 4142,4144,4134,4141,4140,4135,4139,4137,4138,4136,4143,4145
135 4157,4148,4146,4181,4176,4160,4147,4156,4165,4164,4166,4172,4151,4158,4175,4171,4161,4180,4154,4177,4152,4167,4150,4162,4155,4174,4173,4170,4159,4178,4169,4149,4168,4153,4163,4179
207 4183,4182,4185,4184,4187,4186
197 4201,4202,4194,4203,4211,4188,4207,4204,4197,4210,4192,4199,4206,4196,4193,4198,4190,4189,4191,4209,4208,4200,4205,4195
15 4217,4214,4213,4216,4212,4215
252 4224,4222,4226,4218,4221,4227,4231,4230,4234,4235,4228,4223,4233,4220,4225,4229,4219,4232
185 4242,4246,4243,4239,4244,4238,4245,4241,4240,4237,4236,4247
6 4269,4251,4257,4249,4263,4270,4268,4271,4256,4259,4252,4250,4254,4248,4261,4267,4255,4260,4264,4266,4258,4265,4262,4253
161 4300,4301,4304,4290,4294,4286,4313,4297,4302,4295,4299,4276,4280,4287,4278,4314,4274,4318,4310,4311,4292,4277,4275,4281,4316,4308,4307,4317,4288,4284,4291,4293,4282,4298,4303,4279,4312,4283,4289,4319,4296,4315,4305,4309,4306,4272,4273,4285
218 4327,4323,4322,4326,4324,4321,4330,4331,4320,4329,4328,4325
136 4333,4334,4340,4343,4336,4342,4339,4338,4337,4335,4341,4332
94 4352,4346,4349,4354,4345,4348,4353,4347,4344,4351,4350,4355
37 4388,4373,4360,4401,4374,4398,4385,4390,4356,4371,4368,4393,4380,4400,4382,4372,4364,4402,4366,4377,4375,4361,4392,4386,4370,4391,4395,4389,4367,4403,4362,4365,4376,4383,4387,4379,4381,4399,4378,4384,4358,4359,4396,4363,4369,4397,4394,4357
149 4465,4461,4469,4441,4431,4418,4456,4466,4455,4452,4442,4468,4433,4421,4408,4448,4424,4416,4423,4457,4446,4407,4419,4451,4453,4467,4440,4422,4439,4417,4415,4412,4463,4409,4414,4430,4458,4438,4432,4464,4420,4427,4444,4445,4413,4449,4429,4405,4406,4404,4459,4428,4425,4436,4410,4460,4443,4426,4454,4447,4462,4434,4435,4437,4411,4450
13 4473,4472,4471,4474,4470,4475
39 4480,4476,4481,4479,4477,4478
