234 0,8,7,5,9,2,11,4,6,10,1,3
1 21,41,16,33,37,39,15,23,35,32,38,34,40,14,13,29,20,19,12,17,31,28,18,36,26,30,25,22,24,27
4 45,51,47,46,53,44,43,42,52,50,49,48
16 61,62,54,64,55,58,60,59,65,56,63,57
18 77,88,85,73,98,112,79,105,67,93,104,87,94,110,70,113,111,109,97,74,81,71,101,75,80,106,89,90,102,103,69,78,107,86,68,95,99,82,72,108,66,96,92,83,76,100,91,84
19 125,117,119,114,124,121,123,116,122,118,120,115
21 160,154,148,141,155,145,126,133,147,132,131,136,150,140,129,142,161,130,134,127,138,128,144,139,153,152,151,149,135,137,158,156,143,146,157,159
23 163,171,179,172,167,177,164,168,169,165,178,170,166,175,173,176,162,174
24 185,190,184,189,180,181,191,187,186,183,188,182
25 198,195,201,199,197,202,203,192,200,193,194,196
28 206,204,218,221,216,213,214,207,219,217,209,211,205,210,208,212,220,215
30 222,231,225,228,234,226,239,223,229,232,224,236,230,227,238,235,233,237
31 250,253,244,251,246,248,242,255,241,245,243,249,254,256,247,257,240,252
32 272,281,263,274,269,279,278,265,280,260,277,268,266,261,258,264,275,273,270,271,259,276,262,267
216 284,306,313,295,287,314,304,291,320,299,308,322,292,296,286,300,312,310,285,298,282,289,293,317,319,288,315,309,297,323,316,307,283,305,321,311,301,318,303,294,290,302
34 335,327,329,351,368,330,339,362,365,366,338,346,334,372,373,370,325,375,347,354,359,328,349,367,371,336,326,341,350,332,356,353,364,361,343,357,337,369,377,331,342,358,352,355,363,345,344,324,333,348,340,360,376,374
40 391,386,384,395,393,378,394,379,392,381,388,390,389,382,380,385,387,383
41 397,400,398,406,403,399,413,408,401,405,407,409,411,396,402,410,412,404
42 427,418,425,415,421,419,431,429,426,423,416,422,420,417,430,414,424,428
199 437,435,432,436,433,434
160 467,464,469,457,466,447,472,451,443,458,441,459,453,449,438,455,454,452,462,470,444,446,463,460,450,473,465,468,445,471,461,440,456,442,439,448
47 514,488,489,484,496,500,519,515,510,476,518,487,493,517,478,486,506,513,521,509,501,508,512,494,474,502,520,495,505,516,492,491,507,481,498,479,483,511,477,482,504,497,503,499,490,480,475,485
78 551,543,535,533,550,536,530,534,531,523,539,527,548,547,537,525,524,541,522,538,529,542,545,540,549,546,526,528,544,532
48 562,560,559,563,552,558,556,555,554,557,553,561
53 564,573,575,567,574,568,566,572,565,569,571,570
250 593,587,577,586,592,584,578,579,581,582,590,588,576,589,583,580,591,585
49 597,599,603,605,594,601,604,598,600,595,602,596
257 610,609,606,607,608,611
22 623,612,614,613,621,619,622,617,620,616,615,618
67 624,655,653,651,642,631,641,647,656,646,638,634,632,627,657,654,643,629,630,652,658,626,644,645,649,640,636,633,659,628,648,625,650,637,639,635
68 670,685,688,671,666,669,665,674,690,692,660,676,683,663,679,681,687,662,678,682,689,664,691,684,686,677,672,675,673,695,694,680,661,667,668,693
69 697,700,696,705,698,704,702,699,706,703,707,701
71 711,712,717,719,716,722,718,709,715,713,710,725,720,724,723,721,708,714
74 736,729,737,726,731,732,727,730,733,728,735,734
75 767,750,773,791,754,739,769,748,742,744,747,783,752,755,741,775,790,764,789,753,794,745,788,796,787,795,751,756,782,778,743,792,785,762,771,746,763,797,772,779,793,784,786,740,768,761,766,749,757,765,780,758,760,777,759,776,770,738,774,781
76 798,802,803,799,801,800
159 804,806,805,809,815,807,808,811,812,810,813,814
80 877,817,866,820,864,878,892,829,851,908,848,876,847,883,837,825,888,850,856,845,901,855,819,834,879,891,860,839,843,869,861,844,823,905,826,838,862,846,863,840,872,886,870,900,836,832,895,890,822,910,835,909,881,907,884,842,852,887,857,871,867,865,882,833,818,897,868,875,853,874,849,880,885,898,899,858,859,893,906,827,894,911,889,830,903,896,854,824,841,873,828,904,902,831,821,816
82 922,913,920,918,927,923,928,917,914,912,926,925,916,915,921,924,929,919
83 964,941,947,958,932,940,974,971,956,945,959,961,972,970,946,957,942,949,953,965,931,968,933,955,952,943,935,962,939,973,963,934,944,975,969,954,930,936,960,976,966,950,938,977,951,948,937,967
84 979,980,978,983,982,981
87 995,993,1003,1011,1008,985,992,988,989,991,1012,1006,1009,1010,1001,999,990,994,997,1005,1007,1002,987,996,1000,1013,1004,984,986,998
88 1014,1018,1019,1016,1017,1015
90 1030,1027,1029,1024,1025,1020,1022,1021,1028,1023,1026,1031
92 1040,1032,1036,1037,1043,1041,1033,1035,1038,1039,1042,1034
96 1047,1045,1052,1055,1048,1049,1044,1054,1046,1053,1051,1050
98 1057,1066,1065,1063,1061,1056,1064,1062,1058,1067,1060,1059
97 1082,1083,1073,1068,1085,1077,1074,1078,1075,1069,1076,1079,1070,1084,1072,1071,1081,1080
102 1087,1088,1086,1091,1090,1089
190 1094,1092,1096,1097,1095,1093
105 1106,1098,1099,1103,1109,1102,1108,1105,1107,1101,1104,1100
50 1112,1111,1114,1110,1115,1113
106 1117,1116,1119,1120,1118,1121
108 1130,1135,1126,1133,1141,1124,1125,1127,1136,1128,1132,1137,1149,1144,1138,1142,1146,1122,1151,1143,1139,1148,1150,1134,1123,1145,1140,1129,1131,1147
112 1160,1154,1157,1161,1158,1163,1152,1162,1159,1155,1156,1153
119 1185,1180,1167,1172,1174,1186,1183,1179,1165,1164,1176,1170,1168,1177,1178,1181,1173,1171,1187,1166,1169,1175,1182,1184
120 1190,1193,1197,1188,1194,1189,1196,1192,1199,1195,1198,1191
121 1226,1227,1222,1215,1211,1206,1220,1221,1229,1223,1204,1219,1214,1225,1203,1205,1224,1228,1216,1210,1202,1207,1212,1217,1218,1208,1200,1213,1209,1201
122 1264,1247,1263,1282,1275,1265,1260,1233,1259,1262,1279,1238,1246,1251,1235,1288,1255,1274,1286,1283,1291,1237,1234,1266,1285,1270,1248,1276,1293,1277,1250,1244,1257,1252,1289,1245,1256,1242,1267,1278,1272,1231,1280,1241,1236,1287,1243,1273,1253,1240,1294,1281,1254,1269,1239,1290,1271,1232,1284,1268,1249,1295,1261,1230,1258,1292
65 1310,1298,1300,1312,1306,1311,1313,1297,1296,1303,1304,1302,1299,1308,1307,1301,1309,1305
124 1318,1314,1315,1316,1317,1319
125 1323,1320,1324,1325,1322,1321
115 1327,1328,1326,1329,1331,1330
126 1336,1332,1337,1335,1334,1333
128 1349,1340,1338,1346,1343,1353,1354,1344,1348,1352,1350,1339,1345,1341,1347,1342,1355,1351
131 1449,1400,1468,1423,1373,1453,1466,1391,1467,1362,1436,1439,1459,1419,1420,1429,1464,1417,1374,1438,1359,1363,1392,1434,1371,1396,1403,1369,1425,1385,1380,1378,1415,1435,1401,1372,1446,1432,1408,1472,1394,1361,1421,1376,1447,1375,1442,1457,1458,1448,1399,1440,1445,1397,1387,1368,1386,1383,1443,1433,1428,1398,1469,1382,1431,1390,1460,1475,1470,1473,1367,1416,1412,1404,1393,1406,1465,1461,1452,1424,1357,1413,1426,1370,1388,1409,1364,1395,1418,1405,1358,1381,1384,1450,1411,1407,1356,1455,1366,1462,1410,1360,1437,1430,1441,1365,1463,1422,1474,1402,1414,1379,1451,1444,1427,1454,1377,1389,1471,1456
129 1480,1479,1481,1476,1478,1477
130 1485,1486,1482,1487,1483,1484
134 1491,1497,1496,1495,1493,1489,1498,1490,1488,1499,1492,1494
138 1504,1502,1503,1501,1505,1500
142 1507,1529,1520,1508,1506,1510,1519,1528,1526,1518,1525,1521,1511,1524,1515,1513,1527,1509,1517,1516,1523,1522,1514,1512
144 1530,1533,1531,1532,1534,1535
60 1563,1572,1547,1574,1546,1566,1548,1558,1569,1537,1544,1553,1554,1564,1542,1543,1568,1536,1541,1573,1540,1549,1577,1551,1567,1552,1576,1570,1538,1557,1550,1575,1560,1545,1562,1556,1561,1559,1571,1565,1539,1555
146 1581,1578,1588,1586,1593,1585,1589,1584,1583,1580,1592,1594,1591,1590,1579,1595,1587,1582
147 1607,1603,1606,1601,1609,1599,1604,1610,1602,1613,1605,1598,1611,1596,1597,1600,1608,1612
148 1617,1618,1619,1615,1616,1614
151 1620,1625,1628,1623,1629,1631,1622,1627,1626,1624,1621,1630
152 1644,1659,1633,1665,1638,1641,1660,1640,1636,1653,1655,1647,1639,1635,1632,1667,1664,1649,1651,1658,1646,1657,1643,1645,1637,1648,1650,1654,1642,1663,1634,1666,1662,1656,1661,1652
153 1686,1695,1670,1692,1693,1671,1678,1694,1688,1681,1696,1674,1683,1679,1673,1697,1677,1684,1676,1687,1690,1689,1672,1669,1680,1682,1675,1668,1685,1691
165 1707,1712,1705,1701,1714,1698,1715,1708,1700,1710,1709,1711,1704,1706,1703,1713,1702,1699
167 1716,1718,1720,1717,1719,1721
168 1731,1727,1732,1725,1733,1729,1726,1728,1722,1723,1730,1724
169 1749,1743,1750,1738,1737,1769,1753,1763,1768,1754,1755,1759,1739,1742,1761,1735,1752,1764,1734,1765,1756,1757,1744,1736,1745,1762,1748,1766,1741,1760,1740,1746,1751,1747,1758,1767
171 1778,1781,1780,1773,1775,1774,1777,1779,1771,1772,1770,1776
172 1786,1785,1783,1782,1784,1787
175 1803,1826,1808,1813,1804,1800,1801,1834,1822,1833,1825,1809,1832,1802,1788,1817,1805,1799,1819,1807,1824,1820,1797,1829,1792,1796,1790,1816,1791,1794,1821,1814,1812,1793,1823,1811,1810,1806,1789,1835,1828,1827,1818,1798,1831,1795,1815,1830
177 1864,1853,1848,1840,1856,1841,1862,1855,1854,1850,1845,1858,1839,1852,1837,1865,1851,1857,1843,1842,1863,1860,1838,1859,1861,1846,1836,1847,1844,1849
178 1869,1875,1881,1870,1874,1868,1880,1873,1883,1876,1867,1877,1872,1871,1882,1878,1879,1866
179 1888,1884,1889,1887,1886,1885
182 1890,1891,1892,1895,1893,1894
183 1901,1905,1906,1903,1896,1900,1902,1897,1899,1904,1907,1898
73 1910,1917,1911,1913,1909,1925,1916,1912,1921,1918,1915,1920,1914,1919,1924,1922,1908,1923
184 1927,1926,1935,1937,1934,1929,1936,1933,1932,1928,1931,1930
186 1943,1945,1941,1946,1940,1955,1948,1938,1953,1947,1957,1961,1952,1939,1960,1956,1958,1942,1951,1944,1950,1949,1959,1954
187 1995,1987,1970,1972,1985,1963,1966,1980,1988,1971,1975,1997,1990,1994,1967,1964,1976,1974,1965,1992,1968,1973,1983,1982,1991,1984,1986,1993,1978,1989,1962,1981,1979,1996,1977,1969
255 2005,2002,2000,1998,2009,2006,2007,1999,2008,2004,2003,2001
188 2013,2015,2030,2010,2024,2014,2017,2031,2025,2023,2032,2026,2019,2033,2022,2021,2011,2012,2018,2029,2027,2020,2016,2028
109 2047,2038,2051,2050,2048,2042,2058,2055,2044,2034,2052,2036,2043,2041,2056,2054,2039,2061,2049,2046,2040,2057,2062,2059,2045,2063,2035,2037,2060,2053
191 2076,2074,2068,2072,2065,2088,2082,2083,2081,2093,2080,2090,2064,2086,2073,2069,2078,2085,2077,2091,2067,2075,2066,2071,2070,2084,2079,2087,2092,2089
193 2098,2100,2105,2095,2102,2103,2097,2104,2099,2094,2096,2101
194 2118,2115,2119,2112,2120,2108,2128,2116,2123,2122,2129,2117,2111,2114,2109,2107,2126,2125,2127,2124,2113,2110,2121,2106
196 2151,2134,2139,2158,2133,2136,2137,2138,2153,2148,2144,2157,2154,2147,2141,2159,2146,2149,2140,2132,2131,2135,2155,2130,2142,2156,2150,2145,2152,2143
198 2198,2234,2195,2167,2162,2218,2225,2219,2226,2206,2171,2242,2214,2189,2175,2238,2239,2208,2215,2213,2232,2172,2176,2177,2216,2201,2233,2178,2165,2237,2174,2217,2170,2211,2196,2236,2185,2183,2221,2180,2188,2228,2186,2222,2168,2160,2243,2173,2207,2202,2235,2212,2230,2184,2181,2193,2231,2241,2164,2187,2205,2190,2220,2240,2224,2200,2182,2163,2209,2166,2191,2223,2203,2161,2192,2227,2229,2204,2197,2169,2194,2179,2210,2199
200 2248,2246,2245,2250,2254,2252,2244,2253,2255,2247,2249,2251
201 2264,2256,2282,2277,2269,2280,2257,2284,2273,2281,2275,2259,2278,2268,2272,2258,2271,2283,2265,2260,2266,2274,2279,2285,2261,2267,2263,2270,2276,2262
202 2307,2309,2300,2294,2289,2297,2290,2303,2286,2288,2308,2287,2306,2292,2301,2305,2299,2298,2293,2313,2295,2312,2302,2291,2311,2304,2296,2315,2314,2310
204 2319,2318,2320,2317,2316,2321
206 2326,2325,2344,2323,2338,2345,2342,2332,2329,2339,2324,2327,2328,2335,2340,2331,2336,2330,2322,2341,2343,2334,2333,2337
208 2363,2353,2367,2362,2366,2350,2360,2356,2368,2365,2349,2369,2351,2348,2347,2346,2354,2357,2361,2355,2352,2359,2364,2358
245 2377,2376,2379,2385,2386,2387,2380,2373,2384,2381,2375,2382,2374,2383,2372,2378,2370,2371
209 2395,2391,2389,2398,2399,2396,2392,2393,2390,2388,2397,2394
210 2403,2405,2410,2414,2402,2423,2418,2412,2409,2416,2401,2407,2415,2421,2400,2419,2408,2422,2417,2413,2404,2420,2406,2411
214 2462,2439,2463,2424,2426,2456,2429,2442,2459,2444,2446,2454,2452,2458,2425,2435,2432,2460,2449,2441,2437,2430,2428,2433,2448,2457,2431,2465,2461,2447,2453,2427,2443,2440,2438,2464,2450,2451,2445,2436,2434,2455
215 2471,2467,2470,2466,2468,2469
217 2472,2475,2477,2476,2473,2474
219 2478,2488,2492,2489,2481,2487,2479,2484,2493,2494,2490,2486,2491,2485,2483,2480,2482,2495
221 2511,2512,2506,2508,2509,2504,2501,2513,2497,2503,2500,2498,2496,2510,2499,2507,2505,2502
222 2533,2537,2534,2555,2557,2570,2572,2558,2521,2556,2568,2542,2519,2560,2571,2569,2573,2545,2548,2518,2567,2559,2566,2550,2526,2546,2536,2540,2524,2522,2523,2563,2531,2514,2544,2528,2525,2539,2565,2543,2535,2532,2554,2553,2517,2562,2529,2552,2527,2515,2538,2564,2549,2541,2516,2520,2547,2551,2530,2561
223 2580,2591,2578,2581,2577,2589,2590,2588,2582,2574,2586,2584,2585,2583,2587,2576,2579,2575
227 2592,2608,2604,2607,2594,2593,2609,2597,2595,2606,2603,2600,2601,2602,2599,2598,2596,2605
229 2615,2610,2612,2613,2611,2614
232 2616,2626,2617,2624,2632,2618,2631,2622,2630,2628,2620,2629,2633,2619,2627,2623,2625,2621
235 2636,2637,2639,2638,2635,2634
236 2641,2640,2642,2643,2644,2645
110 2647,2648,2646,2650,2651,2649
239 2678,2676,2677,2658,2673,2675,2680,2684,2693,2681,2669,2699,2661,2679,2665,2682,2657,2683,2667,2654,2694,2691,2656,2659,2653,2655,2690,2692,2695,2666,2696,2663,2652,2686,2697,2662,2668,2671,2688,2687,2664,2674,2698,2689,2672,2685,2670,2660
55 2703,2730,2736,2746,2735,2713,2711,2715,2723,2721,2747,2704,2707,2742,2701,2745,2732,2726,2720,2719,2714,2708,2706,2724,2727,2731,2718,2710,2740,2734,2717,2741,2729,2743,2702,2733,2738,2725,2744,2739,2722,2737,2700,2709,2716,2712,2728,2705
246 2749,2751,2750,2752,2748,2753
248 2769,2764,2754,2757,2760,2756,2761,2766,2770,2767,2762,2759,2765,2768,2771,2763,2758,2755
253 2777,2779,2781,2780,2774,2778,2782,2775,2772,2773,2783,2776
254 2789,2786,2784,2787,2785,2788
256 2792,2796,2798,2799,2790,2793,2801,2800,2797,2794,2795,2791
258 2844,2841,2813,2833,2826,2808,2807,2802,2811,2843,2816,2838,2831,2814,2823,2842,2828,2815,2848,2824,2825,2805,2847,2836,2818,2834,2821,2837,2839,2810,2846,2806,2817,2819,2827,2829,2803,2832,2849,2812,2830,2820,2835,2845,2840,2822,2804,2809
259 2861,2858,2851,2855,2853,2852,2856,2850,2859,2857,2860,2854
260 2866,2876,2878,2873,2871,2863,2869,2862,2877,2875,2868,2864,2870,2874,2867,2879,2872,2865
262 2889,2887,2888,2880,2886,2883,2882,2885,2891,2890,2884,2881
263 2910,2911,2912,2902,2909,2908,2900,2893,2901,2905,2907,2906,2903,2915,2896,2914,2894,2892,2895,2913,2899,2898,2897,2904
123 2933,2920,2929,2921,2917,2924,2925,2916,2931,2918,2928,2932,2930,2926,2923,2919,2922,2927
224 2935,2937,2938,2943,2942,2936,2934,2939,2945,2944,2941,2940
103 2948,2953,2949,2959,2950,2967,2963,2966,2954,2968,2965,2946,2964,2958,2969,2957,2947,2955,2951,2961,2952,2956,2960,2962
5 2971,2978,2979,2980,2981,2972,2973,2975,2970,2976,2977,2974
62 2984,2991,2995,2994,2992,2989,2985,2997,3003,2990,2999,3005,2988,2987,2986,2998,2993,2983,3001,3004,2982,3000,3002,2996
145 3029,3021,3015,3040,3028,3017,3039,3011,3033,3013,3034,3023,3037,3008,3009,3041,3035,3024,3010,3018,3020,3006,3016,3032,3027,3030,3019,3031,3022,3012,3025,3026,3014,3036,3038,3007
72 3046,3044,3047,3042,3045,3043
163 3070,3056,3095,3072,3085,3053,3080,3102,3106,3076,3064,3090,3083,3058,3101,3059,3099,3093,3082,3052,3094,3054,3105,3048,3096,3078,3098,3065,3104,3107,3091,3049,3062,3092,3079,3087,3071,3075,3089,3084,3055,3060,3074,3073,3088,3068,3097,3061,3067,3069,3077,3066,3063,3081,3050,3100,3103,3051,3086,3057
150 3112,3108,3110,3109,3113,3111
38 3118,3116,3115,3114,3119,3117
8 3128,3122,3133,3136,3125,3123,3120,3126,3132,3129,3130,3131,3137,3134,3135,3127,3121,3124
27 3140,3143,3141,3139,3142,3138
79 3144,3145,3148,3147,3149,3146
61 3162,3183,3176,3157,3169,3161,3158,3185,3159,3166,3172,3167,3153,3156,3171,3178,3184,3163,3173,3160,3181,3177,3174,3164,3168,3151,3180,3165,3154,3182,3155,3175,3150,3152,3179,3170
176 3197,3188,3196,3195,3187,3189,3194,3190,3186,3202,3199,3201,3200,3191,3192,3203,3193,3198
154 3207,3208,3209,3218,3216,3204,3217,3205,3214,3221,3220,3215,3213,3210,3211,3206,3212,3219
33 3227,3222,3223,3226,3224,3225
7 3238,3244,3236,3237,3230,3239,3242,3234,3228,3245,3232,3229,3241,3233,3240,3231,3243,3235
189 3248,3246,3247,3251,3249,3250
89 3287,3269,3284,3278,3286,3263,3272,3261,3254,3282,3291,3290,3277,3265,3264,3256,3266,3267,3288,3274,3292,3293,3268,3255,3260,3283,3270,3258,3276,3280,3252,3262,3289,3253,3275,3271,3257,3259,3285,3281,3279,3273
100 3300,3296,3302,3303,3294,3305,3301,3297,3299,3304,3295,3298
17 3308,3306,3307,3310,3311,3309
35 3317,3315,3313,3314,3312,3316
63 3318,3320,3323,3321,3322,3319
2 3338,3328,3326,3324,3336,3342,3337,3334,3346,3343,3331,3332,3327,3325,3335,3345,3333,3339,3344,3340,3330,3347,3341,3329
58 3351,3355,3356,3353,3359,3358,3350,3357,3348,3354,3352,3349
173 3376,3371,3362,3364,3373,3375,3370,3363,3368,3360,3372,3366,3365,3361,3377,3374,3367,3369
158 3381,3378,3382,3383,3380,3379
113 3413,3392,3390,3398,3402,3399,3412,3395,3386,3403,3409,3415,3426,3387,3396,3389,3418,3434,3384,3428,3429,3423,3404,3420,3401,3393,3437,3425,3391,3424,3419,3407,3400,3411,3416,3435,3388,3405,3422,3427,3433,3408,3436,3406,3430,3397,3414,3432,3431,3421,3385,3394,3410,3417
114 3439,3440,3438,3442,3441,3443
9 3464,3457,3453,3452,3455,3465,3448,3447,3466,3461,3456,3463,3451,3449,3444,3450,3445,3462,3446,3460,3454,3458,3459,3467
251 3470,3472,3471,3473,3468,3469
43 3477,3478,3475,3474,3476,3479
10 3488,3486,3494,3497,3496,3483,3487,3480,3490,3495,3482,3493,3491,3484,3492,3489,3485,3481
241 3501,3503,3498,3499,3500,3502
226 3520,3518,3510,3522,3507,3519,3515,3511,3504,3525,3523,3509,3506,3514,3513,3521,3512,3526,3517,3508,3524,3527,3505,3516
155 3557,3540,3556,3536,3538,3532,3530,3554,3545,3535,3555,3534,3543,3542,3550,3528,3531,3552,3539,3537,3549,3533,3547,3546,3551,3553,3541,3529,3544,3548
164 3563,3560,3558,3561,3562,3559
81 3579,3576,3564,3585,3582,3583,3569,3586,3568,3571,3572,3573,3574,3575,3577,3587,3567,3584,3565,3570,3578,3580,3581,3566
44 3589,3590,3592,3593,3588,3591
20 3601,3597,3603,3594,3600,3595,3598,3605,3596,3602,3604,3599
45 3610,3609,3611,3608,3616,3620,3621,3618,3622,3619,3617,3612,3607,3613,3623,3606,3615,3614
77 3640,3641,3634,3633,3628,3639,3649,3664,3662,3658,3657,3624,3629,3651,3659,3655,3636,3625,3661,3654,3648,3638,3644,3663,3631,3626,3670,3653,3647,3650,3635,3652,3632,3656,3667,3630,3668,3643,3642,3665,3669,3660,3637,3646,3645,3666,3671,3627
11 3673,3676,3675,3680,3678,3682,3681,3679,3677,3674,3672,3683
203 3700,3713,3711,3704,3685,3708,3698,3702,3687,3719,3688,3697,3718,3709,3693,3689,3696,3715,3717,3710,3691,3705,3707,3706,3694,3703,3695,3686,3714,3712,3699,3684,3690,3701,3692,3716
230 3724,3726,3723,3720,3725,3727,3729,3722,3728,3731,3721,3730
181 3753,3750,3739,3734,3755,3736,3737,3752,3732,3745,3735,3747,3749,3733,3746,3742,3741,3740,3751,3748,3744,3743,3738,3754
57 3760,3759,3757,3756,3758,3761
213 3768,3778,3765,3766,3777,3773,3779,3767,3764,3774,3776,3771,3772,3769,3775,3762,3763,3770
3 3782,3784,3783,3790,3780,3788,3791,3786,3789,3781,3785,3787
228 3800,3811,3803,3801,3820,3806,3807,3799,3792,3816,3813,3809,3794,3815,3795,3802,3796,3808,3812,3817,3805,3814,3798,3821,3819,3797,3804,3818,3810,3793
139 3834,3827,3841,3842,3844,3826,3822,3833,3835,3828,3839,3824,3840,3829,3823,3838,3836,3843,3837,3831,3825,3832,3830,3845
46 3867,3856,3854,3865,3864,3866,3855,3848,3881,3873,3874,3852,3863,3858,3859,3849,3871,3850,3847,3862,3853,3860,3851,3861,3872,3879,3877,3868,3846,3869,3870,3878,3876,3857,3880,3875
64 3920,3902,3940,3922,3888,3898,3910,3909,3912,3934,3900,3891,3895,3936,3904,3905,3941,3929,3923,3921,3914,3882,3889,3939,3917,3913,3894,3896,3899,3907,3931,3892,3933,3916,3928,3919,3918,3908,3924,3927,3938,3915,3911,3884,3932,3887,3883,3885,3893,3926,3897,3890,3937,3886,3935,3903,3930,3906,3925,3901
26 3943,3947,3945,3946,3942,3944
243 3952,3953,3949,3951,3948,3950
91 3958,3954,3955,3957,3959,3956
0 3963,3961,3965,3964,3960,3962
162 3984,3975,3983,3988,3989,3987,3971,3974,3985,3969,3967,3977,3968,3982,3973,3978,3966,3972,3981,3986,3976,3979,3980,3970
132 3995,3999,3992,3996,3998,4000,4001,3993,3990,3997,3991,3994
36 4028,4022,4023,4014,4009,4031,4017,4007,4011,4027,4025,4030,4020,4002,4013,4021,4003,4016,4008,4029,4019,4004,4018,4024,4010,4026,4012,4015,4005,4006
156 4037,4032,4035,4034,4036,4033
107 4040,4054,4068,4066,4048,4058,4062,4078,4070,4063,4060,4065,4043,4075,4071,4041,4074,4079,4053,4044,4047,4076,4055,4061,4067,4049,4057,4052,4064,4069,4077,4056,4059,4046,4042,4038,4039,4050,4072,4073,4045,4051
249 4088,4085,4086,4089,4082,4083,4080,4091,4090,4081,4087,4084
85 4095,4104,4097,4102,4094,4100,4092,4106,4098,4093,4101,4099,4107,4109,4105,4108,4096,4103
225 4112,4126,4125,4124,4121,4119,4127,4115,4110,4114,4120,4113,4118,4111,4117,4122,4123,4116
231 4131,4133,4128,4130,4129,4132
240 4145,4137,4139,4135,4143,4138,4144,4142,4136,4134,4140,4141
135 4149,4178,4172,4155,4166,4159,4179,4168,4167,4150,4169,4160,4170,4147,4158,4180,4163,4154,4177,4153,4148,4174,4164,4181,4173,4161,4151,4175,4176,4146,4165,4171,4162,4157,4152,4156
207 4186,4187,4185,4183,4184,4182
197 4193,4208,4190,4206,4196,4200,4191,4210,4211,4189,4195,4205,4203,4202,4204,4209,4201,4197,4207,4194,4199,4198,4192,4188
15 4216,4215,4212,4213,4217,4214
252 4232,4225,4223,4228,4224,4227,4218,4235,4233,4219,4229,4234,4231,4230,4222,4226,4220,4221
185 4247,4237,4241,4238,4240,4239,4244,4236,4243,4245,4246,4242
6 4254,4255,4267,4260,4270,4266,4252,4264,4258,4256,4261,4250,4248,4259,4268,4251,4262,4269,4257,4271,4265,4263,4249,4253
161 4282,4285,4303,4279,4311,4291,4315,4275,4312,4314,4313,4319,4306,4310,4277,4288,4307,4316,4305,4309,4286,4289,4296,4301,4284,4272,4297,4273,4281,4280,4283,4302,4294,4287,4298,4318,4278,4317,4276,4300,4292,4295,4293,4299,4304,4290,4274,4308
218 4331,4320,4330,4324,4323,4328,4322,4325,4321,4327,4329,4326
136 4332,4339,4335,4342,4338,4337,4333,4334,4340,4343,4341,4336
94 4355,4350,4351,4344,4348,4345,4354,4346,4353,4352,4349,4347
37 4370,4369,4397,4387,4394,4395,4362,4393,4398,4403,4361,4399,4363,4358,4380,4389,4382,4360,4365,4379,4391,4364,4367,4376,4401,4357,4368,4386,4383,4373,4359,4400,4374,4381,4388,4366,4402,4377,4375,4356,4384,4371,4378,4372,4392,4385,4396,4390
149 4411,4449,4445,4443,4427,4464,4413,4439,4406,4405,4462,4454,4428,4435,4440,4420,4414,4460,4404,4412,4410,4448,4466,4438,4425,4407,4436,4450,4463,4458,4437,4455,4434,4447,4430,4459,4444,4421,4467,4432,4415,4422,4419,4408,4416,4469,4426,4457,4418,4456,4431,4429,4409,4441,4451,4424,4461,4433,4465,4468,4417,4452,4423,4453,4446,4442
13 4474,4470,4475,4471,4473,4472
39 4479,4478,4477,4480,4481,4476
