234 5,2,9,1,4,11,3,0,10,8,7,6
1 34,32,21,30,40,27,26,19,24,16,13,25,31,20,33,36,15,29,17,14,41,12,22,37,35,23,18,28,38,39
4 48,47,42,44,45,43,50,52,51,46,53,49
16 56,61,63,65,54,55,60,59,58,64,62,57
18 66,94,70,82,91,75,83,93,106,76,110,108,103,85,74,111,71,69,100,98,97,102,81,84,78,79,104,99,101,67,92,88,73,68,95,90,72,80,89,77,113,109,86,87,107,96,112,105
19 122,123,114,118,116,124,121,120,115,119,117,125
21 157,160,158,153,128,137,126,141,155,138,129,159,145,142,150,156,147,144,161,152,149,154,135,127,134,139,148,131,133,146,140,151,143,136,132,130
23 163,174,164,176,170,168,166,178,169,175,162,167,171,177,165,172,179,173
24 181,187,185,184,188,182,189,183,186,180,191,190
25 203,202,194,198,193,199,197,192,195,201,200,196
28 209,206,214,218,210,216,207,212,213,208,219,211,205,215,204,217,220,221
30 226,223,238,236,237,222,233,232,224,239,225,235,230,228,234,231,227,229
31 257,251,244,250,252,248,247,249,241,246,256,240,255,243,242,245,253,254
32 260,273,275,259,262,265,266,261,263,274,276,278,267,277,281,258,264,270,269,272,271,268,279,280
216 299,300,296,315,312,290,302,320,283,297,309,286,287,292,310,311,285,293,319,313,291,282,314,317,294,307,306,308,284,298,323,289,301,316,322,295,304,288,318,321,303,305
34 331,368,358,373,324,335,360,374,364,325,340,354,367,353,350,371,343,362,342,345,333,339,332,347,369,341,348,363,361,377,329,366,359,330,334,326,327,336,349,352,351,372,346,357,356,355,375,328,337,338,370,365,344,376
40 384,382,385,391,387,381,379,392,380,390,383,386,395,388,378,394,389,393
41 411,402,401,396,403,408,407,399,400,397,398,409,412,404,410,406,405,413
42 417,426,425,416,422,414,420,427,421,431,428,415,429,423,419,424,430,418
199 436,437,433,435,434,432
160 441,456,450,457,451,444,452,467,472,448,449,443,459,454,439,464,446,469,473,460,466,440,455,453,463,445,442,462,461,471,447,468,438,465,458,470
47 486,485,514,475,476,495,488,519,493,509,482,494,484,517,513,502,505,503,508,510,501,520,497,504,511,515,518,500,499,496,474,480,498,481,492,478,483,521,512,491,489,507,516,477,479,506,487,490
78 534,526,530,547,529,539,544,532,535,551,524,536,550,541,543,549,548,540,533,545,542,527,538,531,537,522,525,546,523,528
48 558,563,562,556,553,557,554,552,559,555,561,560
53 564,569,573,568,567,575,574,570,566,572,565,571
250 591,584,586,581,577,589,583,579,578,587,585,590,593,592,582,588,580,576
49 596,598,605,603,599,604,597,595,594,600,602,601
257 609,610,606,607,611,608
22 618,622,619,617,612,614,620,615,623,613,621,616
67 626,633,646,637,640,636,624,659,634,655,645,644,632,649,643,653,628,631,647,656,627,639,635,648,642,650,657,658,630,629,652,641,638,654,625,651
68 663,693,665,672,674,692,680,667,685,689,675,664,662,681,688,683,669,678,679,670,687,671,677,660,686,691,661,668,684,666,690,676,682,694,695,673
69 700,703,707,701,696,699,705,698,697,706,704,702
71 710,709,711,714,722,712,715,725,721,713,719,708,718,716,724,723,717,720
74 731,732,736,734,728,735,727,729,737,733,726,730
75 741,766,758,765,755,774,775,769,761,789,782,760,790,796,795,783,793,777,771,751,787,754,784,778,797,748,763,788,745,759,781,746,753,742,776,740,792,785,743,772,770,752,768,747,764,756,744,739,786,750,773,794,762,780,757,749,767,779,791,738
76 803,798,799,802,800,801
159 808,805,807,809,814,813,806,811,812,810,804,815
80 829,835,876,908,904,889,843,836,902,909,853,834,859,826,891,869,817,828,887,845,831,893,823,840,827,882,847,884,821,873,838,833,818,852,863,854,848,816,858,894,883,851,895,886,905,906,864,850,867,898,878,888,879,900,844,855,832,856,819,820,901,860,842,857,824,872,870,830,825,903,897,899,849,822,911,868,890,892,866,871,907,862,874,861,846,896,910,877,881,839,875,841,837,865,885,880
82 919,921,927,913,922,912,926,924,920,915,916,923,914,918,917,925,929,928
83 969,959,937,932,974,967,950,936,947,962,957,935,942,970,953,943,948,951,954,940,930,946,976,933,960,966,964,971,975,949,952,965,977,938,956,945,973,941,968,958,931,934,961,972,944,939,963,955
84 980,982,978,979,981,983
87 1012,1006,1000,1004,995,1008,1005,1011,1010,998,997,984,986,994,991,1009,990,999,996,985,1001,1002,1003,989,988,993,987,1007,1013,992
88 1018,1019,1015,1017,1016,1014
90 1024,1029,1021,1020,1030,1031,1028,1023,1027,1022,1025,1026
92 1034,1032,1041,1039,1036,1033,1035,1040,1042,1043,1038,1037
96 1054,1045,1049,1046,1047,1053,1055,1048,1050,1044,1051,1052
98 1057,1062,1066,1065,1061,1060,1063,1056,1067,1058,1059,1064
97 1071,1079,1074,1082,1083,1077,1075,1080,1069,1076,1073,1085,1070,1078,1081,1084,1072,1068
102 1091,1087,1088,1090,1089,1086
190 1094,1097,1093,1092,1096,1095
105 1102,1098,1106,1103,1105,1101,1099,1100,1108,1107,1109,1104
50 1114,1110,1112,1113,1111,1115
106 1117,1119,1116,1121,1118,1120
108 1126,1130,1145,1128,1140,1146,1149,1131,1142,1151,1124,1139,1122,1144,1150,1143,1127,1129,1125,1147,1148,1132,1138,1123,1133,1135,1136,1141,1134,1137
112 1157,1161,1163,1156,1158,1154,1152,1155,1162,1160,1159,1153
119 1182,1183,1167,1172,1165,1173,1184,1178,1179,1176,1177,1164,1170,1180,1175,1174,1187,1171,1185,1168,1166,1186,1169,1181
120 1196,1189,1199,1188,1192,1194,1191,1193,1198,1190,1195,1197
121 1222,1203,1217,1213,1201,1223,1227,1226,1225,1216,1208,1214,1215,1218,1200,1220,1210,1212,1205,1221,1229,1209,1207,1228,1219,1206,1224,1211,1202,1204
122 1268,1237,1232,1269,1244,1234,1279,1284,1264,1239,1259,1282,1242,1270,1275,1238,1230,1290,1231,1257,1255,1289,1285,1292,1286,1283,1236,1243,1272,1294,1274,1287,1276,1245,1277,1278,1265,1271,1251,1240,1253,1252,1260,1246,1261,1249,1281,1248,1241,1263,1267,1291,1235,1256,1280,1273,1293,1266,1295,1250,1247,1288,1233,1258,1254,1262
65 1300,1302,1303,1309,1310,1299,1305,1297,1301,1298,1306,1307,1296,1313,1308,1304,1311,1312
124 1316,1319,1318,1317,1314,1315
125 1325,1322,1321,1320,1324,1323
115 1326,1328,1330,1329,1327,1331
126 1334,1332,1333,1335,1336,1337
128 1345,1346,1351,1338,1343,1349,1344,1348,1339,1342,1340,1355,1347,1341,1354,1353,1352,1350
131 1424,1438,1453,1397,1365,1448,1406,1399,1428,1405,1457,1362,1373,1456,1431,1471,1444,1437,1360,1387,1417,1415,1357,1435,1359,1369,1423,1377,1383,1414,1363,1391,1462,1468,1356,1361,1368,1427,1394,1372,1460,1389,1469,1451,1393,1408,1421,1463,1429,1464,1430,1411,1426,1404,1412,1425,1384,1370,1470,1366,1458,1401,1381,1436,1386,1395,1445,1382,1472,1450,1418,1390,1364,1422,1459,1396,1433,1400,1379,1398,1442,1410,1443,1455,1416,1392,1465,1474,1475,1407,1461,1413,1439,1375,1473,1420,1378,1434,1380,1371,1432,1403,1452,1419,1388,1409,1440,1447,1449,1385,1446,1374,1376,1367,1466,1358,1441,1467,1454,1402
129 1477,1478,1480,1481,1479,1476
130 1487,1484,1486,1485,1483,1482
134 1491,1490,1499,1492,1488,1496,1489,1494,1493,1497,1495,1498
138 1504,1501,1505,1500,1502,1503
142 1525,1520,1511,1510,1512,1521,1527,1507,1508,1526,1515,1513,1528,1519,1524,1509,1517,1522,1518,1516,1514,1529,1523,1506
144 1533,1531,1535,1530,1532,1534
60 1541,1556,1555,1538,1553,1561,1566,1572,1543,1537,1551,1547,1577,1576,1567,1540,1559,1546,1563,1550,1568,1536,1571,1575,1548,1542,1558,1554,1562,1569,1557,1570,1552,1564,1560,1539,1573,1549,1565,1544,1574,1545
146 1595,1582,1584,1578,1579,1592,1589,1583,1591,1586,1593,1587,1588,1580,1585,1594,1581,1590
147 1602,1600,1605,1598,1596,1604,1611,1601,1613,1608,1610,1612,1607,1609,1603,1597,1599,1606
148 1618,1616,1614,1617,1619,1615
151 1629,1623,1627,1626,1628,1620,1624,1630,1622,1621,1631,1625
152 1641,1660,1661,1652,1647,1633,1642,1653,1665,1656,1646,1643,1632,1666,1654,1659,1640,1645,1648,1639,1638,1667,1650,1663,1635,1636,1634,1655,1637,1644,1657,1649,1658,1651,1664,1662
153 1678,1693,1694,1668,1679,1695,1691,1696,1674,1697,1677,1687,1671,1683,1672,1685,1669,1680,1690,1682,1673,1675,1692,1676,1681,1688,1689,1684,1686,1670
165 1710,1705,1709,1698,1701,1711,1713,1700,1702,1706,1707,1714,1703,1704,1715,1708,1712,1699
167 1720,1719,1721,1718,1716,1717
168 1733,1724,1722,1730,1725,1731,1732,1728,1729,1726,1727,1723
169 1745,1758,1749,1747,1753,1748,1764,1735,1759,1765,1736,1751,1738,1743,1767,1737,1742,1746,1754,1756,1763,1741,1768,1744,1760,1762,1766,1752,1734,1755,1757,1739,1750,1761,1740,1769
171 1778,1771,1779,1774,1781,1780,1777,1776,1772,1775,1773,1770
172 1782,1784,1783,1787,1786,1785
175 1819,1823,1799,1801,1795,1816,1809,1817,1808,1815,1807,1820,1792,1832,1798,1813,1794,1800,1822,1830,1824,1821,1803,1793,1797,1827,1805,1804,1791,1790,1835,1834,1831,1811,1789,1814,1829,1802,1788,1833,1796,1810,1825,1812,1806,1826,1818,1828
177 1850,1844,1860,1845,1840,1839,1865,1841,1842,1838,1854,1855,1861,1846,1837,1864,1857,1856,1853,1849,1851,1863,1862,1847,1843,1848,1852,1859,1858,1836
178 1876,1882,1874,1880,1866,1875,1867,1869,1868,1883,1877,1881,1871,1870,1878,1879,1873,1872
179 1886,1884,1888,1889,1885,1887
182 1894,1893,1895,1890,1892,1891
183 1896,1900,1903,1907,1905,1901,1897,1902,1899,1904,1906,1898
73 1913,1914,1910,1917,1920,1916,1923,1922,1915,1909,1925,1919,1921,1911,1912,1918,1908,1924
184 1937,1927,1930,1926,1928,1933,1936,1935,1931,1932,1929,1934
186 1952,1945,1951,1948,1946,1953,1960,1949,1959,1938,1942,1939,1941,1956,1955,1943,1958,1947,1961,1954,1944,1950,1957,1940
187 1963,1962,1967,1977,1966,1970,1990,1987,1975,1997,1994,1984,1981,1973,1986,1982,1974,1980,1978,1983,1969,1968,1988,1979,1996,1993,1992,1976,1991,1971,1965,1995,1985,1989,1972,1964
255 1998,2001,2003,2004,2000,2007,1999,2005,2008,2002,2009,2006
188 2017,2028,2014,2012,2021,2027,2026,2023,2032,2031,2016,2019,2029,2024,2022,2030,2018,2025,2015,2013,2010,2033,2020,2011
109 2056,2038,2042,2058,2053,2052,2060,2041,2047,2036,2037,2034,2062,2059,2035,2051,2048,2057,2045,2039,2046,2040,2061,2044,2049,2050,2043,2063,2054,2055
191 2078,2080,2090,2079,2068,2066,2070,2083,2089,2069,2091,2073,2093,2084,2087,2074,2077,2067,2086,2076,2081,2075,2072,2085,2088,2065,2064,2092,2082,2071
193 2098,2102,2095,2100,2099,2104,2101,2097,2094,2103,2105,2096
194 2117,2112,2109,2123,2116,2129,2111,2110,2114,2119,2126,2108,2113,2124,2125,2118,2121,2127,2106,2128,2120,2115,2107,2122
196 2138,2148,2143,2133,2152,2149,2144,2139,2156,2158,2142,2131,2146,2154,2141,2155,2132,2159,2134,2151,2136,2153,2137,2157,2147,2150,2140,2130,2145,2135
198 2223,2218,2202,2188,2165,2216,2184,2227,2210,2220,2240,2205,2213,2217,2199,2197,2222,2162,2164,2179,2181,2212,2203,2196,2241,2194,2230,2208,2224,2233,2235,2183,2175,2166,2200,2167,2209,2160,2226,2239,2173,2206,2190,2168,2174,2219,2176,2215,2243,2192,2234,2193,2231,2169,2161,2204,2201,2221,2171,2191,2180,2225,2242,2207,2232,2236,2185,2170,2178,2228,2195,2186,2177,2172,2198,2189,2214,2182,2237,2238,2211,2229,2163,2187
200 2244,2249,2251,2245,2246,2253,2248,2250,2255,2252,2247,2254
201 2281,2272,2277,2282,2265,2274,2284,2269,2283,2259,2262,2257,2268,2261,2279,2258,2276,2264,2271,2270,2263,2267,2275,2256,2280,2260,2278,2266,2285,2273
202 2288,2291,2293,2294,2297,2309,2295,2303,2300,2290,2299,2310,2302,2304,2312,2305,2301,2313,2315,2296,2314,2287,2292,2311,2298,2307,2308,2286,2306,2289
204 2320,2319,2316,2321,2317,2318
206 2340,2323,2331,2329,2339,2337,2328,2330,2326,2342,2322,2338,2335,2332,2345,2343,2334,2327,2325,2324,2336,2333,2341,2344
208 2347,2357,2352,2346,2353,2361,2365,2358,2360,2348,2362,2369,2350,2367,2351,2354,2356,2349,2355,2363,2359,2366,2364,2368
245 2386,2376,2372,2387,2385,2381,2370,2375,2380,2383,2373,2379,2382,2377,2371,2378,2384,2374
209 2394,2391,2393,2399,2397,2390,2396,2398,2395,2392,2389,2388
210 2421,2409,2403,2419,2415,2410,2414,2423,2402,2400,2422,2413,2404,2401,2408,2417,2412,2405,2416,2407,2420,2406,2411,2418
214 2464,2430,2442,2439,2461,2438,2436,2452,2440,2424,2445,2437,2449,2457,2456,2447,2443,2448,2427,2426,2428,2431,2460,2450,2444,2455,2462,2451,2446,2463,2429,2433,2465,2432,2454,2435,2458,2425,2453,2441,2459,2434
215 2471,2467,2466,2470,2469,2468
217 2473,2476,2477,2475,2474,2472
219 2482,2487,2484,2492,2478,2493,2483,2485,2495,2486,2494,2488,2489,2490,2479,2481,2491,2480
221 2512,2503,2509,2502,2508,2513,2498,2497,2504,2506,2505,2501,2499,2496,2511,2500,2510,2507
222 2545,2548,2549,2563,2561,2551,2553,2566,2571,2544,2559,2558,2530,2529,2534,2527,2540,2547,2539,2543,2519,2572,2538,2554,2526,2521,2514,2555,2536,2516,2531,2537,2573,2535,2564,2515,2523,2517,2541,2569,2570,2567,2550,2556,2546,2518,2532,2524,2522,2557,2562,2525,2528,2533,2552,2565,2568,2520,2542,2560
223 2574,2582,2589,2591,2584,2587,2576,2579,2588,2586,2583,2578,2581,2580,2590,2577,2575,2585
227 2598,2599,2601,2595,2600,2596,2608,2602,2592,2593,2603,2604,2597,2594,2605,2607,2609,2606
229 2612,2611,2614,2613,2610,2615
232 2632,2623,2617,2625,2626,2627,2621,2633,2628,2629,2630,2618,2622,2619,2620,2624,2631,2616
235 2635,2634,2639,2636,2637,2638
236 2645,2642,2643,2644,2641,2640
110 2649,2646,2647,2648,2650,2651
239 2674,2687,2678,2694,2657,2688,2683,2660,2679,2693,2653,2677,2671,2656,2691,2699,2682,2684,2698,2695,2669,2659,2655,2690,2697,2658,2680,2668,2667,2696,2676,2685,2663,2672,2666,2664,2675,2689,2661,2665,2681,2692,2686,2662,2654,2673,2670,2652
55 2714,2717,2726,2724,2716,2728,2727,2732,2721,2708,2723,2740,2746,2743,2720,2704,2722,2700,2744,2731,2713,2706,2739,2715,2703,2735,2734,2737,2738,2733,2729,2712,2710,2705,2741,2709,2711,2707,2719,2730,2742,2718,2701,2747,2745,2702,2725,2736
246 2749,2753,2752,2751,2748,2750
248 2766,2769,2758,2765,2755,2759,2768,2760,2762,2763,2761,2764,2756,2757,2754,2771,2767,2770
253 2780,2774,2782,2777,2773,2781,2775,2778,2776,2783,2772,2779
254 2788,2786,2789,2787,2784,2785
256 2801,2794,2798,2800,2790,2791,2795,2796,2793,2799,2792,2797
258 2826,2812,2803,2841,2815,2816,2809,2835,2819,2804,2831,2810,2843,2808,2832,2846,2840,2839,2805,2823,2845,2844,2830,2848,2837,2817,2833,2807,2813,2814,2836,2827,2822,2820,2802,2818,2849,2828,2842,2838,2811,2806,2824,2821,2834,2829,2825,2847
259 2856,2858,2853,2852,2851,2855,2854,2860,2859,2850,2857,2861
260 2875,2865,2879,2864,2878,2876,2862,2877,2868,2866,2863,2874,2872,2867,2870,2871,2869,2873
262 2886,2880,2884,2889,2882,2885,2883,2891,2881,2888,2887,2890
263 2900,2899,2914,2897,2915,2902,2911,2892,2896,2893,2895,2905,2904,2912,2894,2909,2901,2898,2903,2907,2910,2908,2913,2906
123 2924,2921,2929,2931,2925,2920,2922,2930,2919,2928,2926,2933,2932,2918,2927,2917,2916,2923
224 2940,2937,2941,2934,2935,2945,2942,2939,2944,2938,2943,2936
103 2956,2961,2954,2947,2951,2965,2946,2968,2959,2962,2950,2958,2960,2955,2966,2953,2952,2964,2949,2963,2969,2948,2967,2957
5 2970,2978,2977,2976,2971,2979,2975,2974,2973,2981,2980,2972
62 2998,2991,3001,2990,3002,2985,2996,2988,2983,2994,2993,3004,3005,2982,2995,2992,2999,2997,2984,2989,3003,2987,2986,3000
145 3035,3034,3012,3022,3040,3024,3021,3011,3018,3007,3036,3010,3015,3032,3006,3038,3027,3026,3029,3009,3028,3023,3031,3033,3041,3019,3025,3013,3008,3037,3017,3020,3030,3014,3039,3016
72 3046,3044,3047,3045,3043,3042
163 3101,3105,3061,3106,3072,3057,3077,3065,3103,3049,3093,3052,3100,3087,3085,3081,3056,3058,3091,3086,3071,3098,3067,3076,3050,3078,3054,3075,3092,3055,3073,3102,3099,3064,3059,3107,3084,3066,3089,3048,3051,3070,3053,3069,3088,3097,3090,3095,3079,3080,3082,3083,3104,3062,3096,3074,3060,3063,3094,3068
150 3109,3110,3108,3112,3113,3111
38 3114,3119,3116,3118,3115,3117
8 3123,3130,3124,3126,3125,3132,3120,3135,3122,3128,3134,3127,3136,3129,3131,3133,3121,3137
27 3142,3143,3139,3138,3140,3141
79 3147,3146,3148,3145,3149,3144
61 3155,3157,3152,3167,3162,3165,3170,3181,3168,3156,3174,3179,3176,3161,3150,3160,3173,3166,3164,3171,3184,3177,3185,3172,3182,3175,3178,3183,3169,3151,3163,3153,3158,3159,3154,3180
176 3194,3196,3202,3195,3198,3197,3189,3186,3188,3203,3201,3187,3200,3190,3193,3192,3199,3191
154 3217,3209,3220,3210,3208,3214,3211,3206,3213,3212,3215,3218,3207,3221,3204,3216,3205,3219
33 3223,3222,3226,3227,3224,3225
7 3239,3237,3232,3233,3241,3240,3230,3242,3234,3228,3231,3244,3229,3236,3238,3245,3235,3243
189 3248,3250,3249,3251,3247,3246
89 3259,3277,3256,3279,3258,3275,3265,3263,3272,3254,3285,3289,3257,3274,3290,3269,3286,3264,3260,3252,3291,3266,3282,3283,3281,3284,3280,3267,3293,3276,3278,3270,3253,3255,3268,3261,3271,3288,3287,3273,3262,3292
100 3299,3301,3298,3297,3295,3304,3296,3302,3294,3300,3303,3305
17 3308,3310,3309,3311,3306,3307
35 3316,3313,3312,3317,3314,3315
63 3319,3318,3320,3323,3321,3322
2 3341,3346,3336,3327,3337,3326,3343,3324,3335,3344,3340,3339,3347,3333,3330,3328,3325,3345,3329,3331,3332,3342,3338,3334
58 3348,3352,3353,3351,3354,3350,3355,3356,3359,3358,3357,3349
173 3365,3369,3362,3363,3377,3372,3360,3371,3368,3370,3376,3374,3361,3364,3375,3373,3366,3367
158 3379,3381,3382,3383,3378,3380
113 3432,3390,3397,3402,3423,3399,3419,3387,3385,3412,3422,3426,3403,3424,3436,3421,3418,3401,3414,3393,3434,3391,3420,3394,3435,3433,3404,3416,3417,3413,3398,3400,3407,3395,3396,3411,3425,3410,3405,3406,3431,3429,3430,3389,3437,3408,3409,3392,3384,3388,3415,3427,3428,3386
114 3438,3442,3439,3443,3441,3440
9 3459,3449,3444,3458,3465,3466,3453,3467,3445,3450,3460,3457,3451,3464,3452,3446,3454,3463,3447,3455,3461,3462,3448,3456
251 3469,3471,3470,3472,3468,3473
43 3477,3479,3478,3476,3475,3474
10 3489,3487,3488,3484,3495,3485,3486,3496,3492,3481,3494,3480,3497,3490,3493,3482,3483,3491
241 3502,3499,3498,3501,3503,3500
226 3517,3505,3520,3524,3519,3521,3506,3523,3522,3514,3516,3527,3508,3510,3509,3526,3518,3511,3513,3504,3512,3507,3525,3515
155 3538,3545,3557,3533,3544,3534,3543,3555,3535,3531,3547,3537,3539,3528,3546,3542,3550,3552,3551,3530,3540,3529,3541,3554,3553,3532,3549,3556,3548,3536
164 3558,3562,3563,3559,3561,3560
81 3578,3581,3583,3585,3572,3567,3587,3575,3586,3566,3565,3579,3573,3568,3574,3576,3582,3584,3570,3571,3577,3569,3580,3564
44 3590,3591,3589,3588,3592,3593
20 3605,3604,3596,3598,3597,3595,3603,3599,3600,3594,3602,3601
45 3614,3620,3618,3607,3623,3617,3616,3621,3609,3610,3615,3619,3611,3622,3612,3606,3613,3608
77 3659,3628,3658,3642,3626,3643,3648,3638,3671,3627,3650,3661,3660,3633,3656,3645,3665,3637,3664,3657,3639,3653,3647,3624,3669,3641,3629,3649,3636,3663,3667,3646,3630,3654,3652,3632,3644,3634,3625,3651,3670,3655,3662,3635,3640,3631,3668,3666
11 3679,3675,3681,3680,3683,3677,3682,3678,3672,3676,3673,3674
203 3702,3693,3695,3699,3715,3708,3709,3719,3691,3718,3705,3688,3706,3687,3700,3701,3712,3710,3685,3714,3713,3698,3716,3703,3686,3684,3717,3690,3694,3707,3704,3696,3697,3692,3689,3711
230 3730,3727,3729,3720,3731,3728,3723,3725,3722,3726,3721,3724
181 3733,3739,3743,3753,3736,3754,3750,3738,3752,3744,3732,3751,3755,3741,3748,3746,3749,3734,3742,3747,3737,3745,3735,3740
57 3761,3758,3760,3759,3756,3757
213 3772,3763,3773,3764,3774,3767,3765,3769,3771,3770,3776,3768,3779,3775,3777,3778,3766,3762
3 3789,3783,3790,3787,3785,3784,3780,3786,3781,3791,3782,3788
228 3794,3809,3821,3807,3801,3805,3820,3811,3813,3795,3810,3792,3816,3796,3803,3817,3798,3819,3812,3808,3804,3818,3815,3802,3814,3806,3797,3799,3793,3800
139 3843,3825,3830,3842,3829,3824,3822,3836,3844,3840,3839,3832,3823,3826,3831,3833,3838,3827,3837,3841,3828,3845,3834,3835
46 3862,3878,3856,3857,3866,3859,3851,3872,3850,3849,3861,3874,3871,3875,3868,3870,3877,3846,3863,3858,3853,3867,3847,3869,3881,3879,3880,3876,3873,3865,3864,3860,3848,3852,3855,3854
64 3894,3910,3882,3923,3890,3917,3912,3888,3940,3925,3898,3901,3884,3921,3920,3892,3936,3900,3897,3913,3914,3922,3899,3927,3889,3941,3933,3903,3924,3926,3918,3883,3934,3919,3931,3916,3939,3893,3895,3915,3885,3909,3907,3935,3938,3937,3904,3887,3891,3905,3928,3930,3929,3886,3902,3908,3932,3906,3911,3896
26 3943,3942,3947,3945,3946,3944
243 3949,3951,3948,3953,3952,3950
91 3956,3958,3955,3959,3957,3954
0 3964,3961,3963,3962,3965,3960
162 3973,3979,3976,3969,3968,3971,3975,3967,3981,3987,3986,3977,3989,3982,3984,3966,3972,3983,3970,3988,3974,3978,3985,3980
132 3990,3991,3995,3998,3993,4001,3999,4000,3997,3992,3994,3996
36 4019,4018,4015,4016,4006,4023,4005,4011,4026,4020,4021,4010,4024,4008,4009,4028,4031,4002,4029,4030,4007,4022,4027,4013,4017,4012,4025,4014,4004,4003
156 4033,4035,4037,4034,4036,4032
107 4071,4040,4050,4043,4047,4039,4041,4077,4045,4063,4062,4053,4079,4044,4064,4051,4073,4052,4078,4046,4049,4058,4056,4038,4069,4060,4054,4042,4055,4076,4048,4074,4066,4070,4068,4065,4067,4057,4075,4061,4059,4072
249 4089,4081,4085,4080,4087,4083,4090,4082,4086,4084,4091,4088
85 4108,4095,4092,4104,4098,4096,4107,4099,4109,4097,4106,4093,4102,4094,4100,4103,4105,4101
225 4127,4120,4115,4126,4117,4114,4119,4125,4124,4123,4116,4112,4118,4111,4113,4110,4121,4122
231 4133,4131,4128,4132,4130,4129
240 4136,4143,4145,4141,4144,4140,4139,4142,4138,4134,4137,4135
135 4159,4163,4179,4165,4152,4171,4168,4156,4172,4175,4178,4162,4149,4158,4170,4160,4150,4167,4148,4154,4164,4151,4174,4155,4176,4153,4161,4173,4169,4166,4177,4147,4180,4181,4146,4157
207 4182,4185,4187,4186,4183,4184
197 4195,4200,4188,4210,4189,4202,4193,4191,4208,4198,4205,4211,4197,4199,4192,4204,4201,4196,4207,4209,4206,4194,4190,4203
15 4215,4214,4213,4212,4217,4216
252 4233,4221,4219,4232,4229,4220,4222,4231,4223,4218,4225,4228,4234,4230,4226,4227,4224,4235
185 4236,4241,4247,4240,4238,4237,4244,4242,4243,4245,4239,4246
6 4261,4253,4266,4249,4256,4262,4264,4255,4265,4254,4259,4257,4258,4260,4267,4263,4252,4248,4268,4250,4271,4270,4269,4251
161 4289,4285,4307,4274,4273,4297,4282,4294,4308,4272,4280,4305,4296,4292,4293,4306,4283,4309,4288,4281,4303,4291,4299,4278,4315,4319,4312,4290,4318,4300,4314,4311,4317,4276,4284,4298,4301,4286,4310,4313,4287,4295,4302,4279,4275,4304,4277,4316
218 4329,4328,4331,4325,4321,4322,4320,4327,4324,4323,4326,4330
136 4336,4341,4333,4332,4337,4334,4335,4343,4342,4338,4339,4340
94 4345,4347,4351,4350,4346,4349,4348,4353,4344,4355,4352,4354
37 4362,4381,4376,4378,4363,4396,4368,4394,4372,4366,4399,4369,4364,4384,4387,4389,4391,4379,4357,4365,4390,4383,4358,4392,4397,4375,4393,4402,4356,4395,4359,4400,4361,4377,4401,4398,4388,4385,4373,4367,4371,4386,4382,4370,4360,4380,4403,4374
149 4454,4417,4449,4451,4450,4426,4464,4446,4411,4412,4423,4455,4404,4436,4407,4457,4429,4462,4460,4453,4452,4428,4440,4420,4414,4413,4434,4437,4433,4410,4432,4442,4435,4415,4409,4441,4459,4445,4467,4427,4444,4468,4418,4405,4458,4465,4408,4469,4406,4447,4443,4461,4463,4419,4424,4466,4448,4422,4439,4430,4425,4431,4438,4416,4421,4456
13 4475,4472,4470,4471,4473,4474
39 4476,4478,4477,4480,4479,4481
