234 6,11,3,0,8,10,2,9,7,4,1,5
1 22,28,29,35,31,25,12,17,36,18,27,24,39,41,40,21,37,33,20,14,32,34,23,15,38,13,16,26,30,19
4 52,49,44,48,42,47,50,46,45,51,43,53
16 64,57,56,58,54,62,61,63,59,60,55,65
18 96,99,95,84,113,72,107,100,90,83,97,93,92,108,86,85,110,75,73,88,105,77,67,91,81,101,80,68,111,112,109,104,74,87,94,69,89,79,102,70,71,106,66,78,76,98,103,82
19 115,120,123,118,121,119,117,125,122,116,124,114
21 143,146,159,161,131,156,126,134,151,160,148,154,150,129,145,130,155,152,144,133,139,138,128,140,127,135,136,132,149,141,142,137,153,147,157,158
23 162,173,167,179,163,178,164,168,170,165,169,172,166,171,174,177,175,176
24 188,186,180,187,181,184,189,190,183,191,182,185
25 194,200,193,196,199,197,198,201,195,202,192,203
28 217,215,220,214,204,206,221,216,219,210,218,211,207,205,213,212,208,209
30 233,229,235,232,237,236,239,228,231,222,238,227,230,225,224,234,223,226
31 240,252,248,247,244,250,242,256,243,255,249,241,245,246,254,257,253,251
32 270,271,268,267,276,269,278,280,281,272,266,260,262,264,274,279,277,259,265,258,261,263,273,275
216 303,311,301,282,289,321,290,305,317,318,294,287,304,284,309,314,316,306,320,322,307,315,286,300,323,296,319,308,298,295,293,313,299,297,291,288,312,285,310,292,302,283
34 376,357,361,344,349,325,375,327,362,345,360,346,350,352,335,367,340,377,339,354,368,336,329,370,330,356,343,351,332,374,338,365,331,363,348,328,359,372,326,341,373,337,366,334,355,369,342,347,324,371,333,353,364,358
40 392,395,380,388,389,383,378,386,390,393,384,391,382,385,394,381,379,387
41 413,410,396,405,404,409,400,406,398,407,397,408,412,399,411,401,403,402
42 424,414,423,431,430,419,425,426,416,427,428,415,420,418,429,421,417,422
199 434,433,437,432,436,435
160 471,473,468,461,448,445,470,442,467,451,440,460,472,463,457,465,446,469,455,438,447,443,464,459,466,444,449,439,456,453,462,452,441,458,454,450
47 490,477,480,483,507,492,503,499,506,474,493,476,488,510,479,496,514,498,478,511,516,513,486,517,504,509,512,484,501,519,487,515,521,518,494,489,475,481,520,497,491,500,508,502,505,485,495,482
78 528,524,546,537,538,522,549,535,544,539,548,523,551,534,543,542,540,533,550,531,527,536,525,530,545,532,526,541,529,547
48 553,561,554,552,555,562,557,563,560,559,558,556
53 571,572,570,567,569,574,564,573,566,575,565,568
250 580,576,585,589,582,590,577,584,581,578,588,592,593,591,587,579,583,586
49 602,601,604,596,603,594,597,599,600,595,605,598
257 611,607,609,606,608,610
22 616,622,614,612,618,619,621,617,615,620,623,613
67 639,625,635,648,642,630,650,629,636,628,624,657,646,632,647,640,656,634,658,644,641,654,626,651,631,638,652,649,643,653,627,637,659,655,645,633
68 694,668,691,695,661,687,673,677,662,675,681,685,689,666,665,690,674,680,686,670,684,671,664,669,660,676,682,679,688,692,683,678,667,663,672,693
69 704,705,707,697,703,706,696,698,702,701,699,700
71 720,714,708,723,716,724,712,711,717,719,718,710,709,725,721,713,722,715
74 728,730,729,733,731,736,734,737,727,726,732,735
75 738,776,759,786,756,781,774,793,743,789,748,757,790,769,775,770,791,779,778,739,750,741,749,782,766,747,794,764,745,788,768,783,762,767,773,752,740,792,755,785,746,772,780,744,771,754,787,796,761,797,758,795,742,765,784,763,760,777,753,751
76 801,800,798,802,799,803
159 814,811,806,815,804,810,812,807,805,813,809,808
80 903,896,854,911,831,821,871,872,868,816,870,830,907,828,861,822,841,899,885,910,839,817,847,869,877,862,880,820,864,865,856,836,866,842,835,882,851,902,829,846,901,818,875,837,832,874,878,900,906,892,898,897,849,819,908,889,834,894,855,883,823,857,826,844,890,888,886,824,895,879,881,876,825,833,860,838,845,853,909,891,863,840,867,905,850,843,884,873,858,852,827,848,859,904,893,887
82 924,925,929,914,919,915,926,920,927,917,912,928,922,913,918,923,916,921
83 962,955,960,938,963,973,945,968,956,948,967,977,964,943,954,958,935,941,971,939,947,940,970,932,974,949,965,944,959,957,950,961,930,966,931,972,953,975,934,937,933,952,946,969,942,951,976,936
84 981,979,980,978,982,983
87 1005,984,1007,1002,986,1013,1009,999,997,993,987,992,1003,989,995,996,1012,1006,988,1001,985,994,990,1011,991,1008,1000,998,1004,1010
88 1016,1015,1014,1017,1018,1019
90 1026,1031,1028,1021,1023,1024,1022,1030,1025,1027,1020,1029
92 1038,1039,1037,1042,1035,1032,1036,1034,1041,1043,1040,1033
96 1051,1050,1044,1053,1048,1046,1047,1052,1055,1049,1045,1054
98 1067,1059,1064,1061,1057,1066,1058,1056,1063,1060,1065,1062
97 1072,1078,1084,1070,1069,1083,1085,1080,1076,1082,1073,1074,1079,1081,1068,1077,1071,1075
102 1089,1088,1086,1090,1087,1091
190 1096,1097,1092,1095,1094,1093
105 1101,1104,1100,1106,1108,1109,1105,1098,1107,1099,1103,1102
50 1113,1110,1112,1114,1111,1115
106 1121,1118,1117,1120,1119,1116
108 1129,1134,1123,1137,1150,1124,1125,1122,1135,1133,1151,1146,1126,1132,1148,1142,1143,1127,1149,1147,1128,1136,1138,1140,1141,1144,1139,1145,1130,1131
112 1156,1159,1162,1153,1160,1158,1155,1161,1154,1157,1152,1163
119 1181,1166,1184,1164,1171,1168,1180,1185,1183,1169,1173,1178,1186,1175,1165,1174,1176,1187,1167,1172,1177,1182,1170,1179
120 1199,1198,1197,1194,1190,1189,1188,1193,1195,1191,1192,1196
121 1207,1202,1209,1228,1224,1216,1223,1227,1220,1211,1218,1206,1222,1226,1215,1225,1201,1204,1219,1229,1221,1212,1213,1205,1208,1203,1200,1217,1210,1214
122 1261,1231,1295,1271,1249,1256,1280,1241,1258,1254,1253,1277,1264,1259,1240,1234,1282,1262,1232,1250,1233,1243,1237,1273,1244,1267,1275,1286,1230,1255,1281,1292,1291,1263,1238,1235,1246,1276,1247,1236,1293,1266,1288,1245,1248,1265,1287,1251,1257,1272,1260,1252,1294,1283,1268,1269,1274,1278,1239,1284,1279,1285,1289,1270,1290,1242
65 1305,1307,1299,1311,1304,1310,1296,1298,1300,1309,1313,1303,1308,1306,1312,1301,1297,1302
124 1319,1314,1315,1317,1316,1318
125 1321,1324,1323,1320,1325,1322
115 1331,1328,1327,1326,1329,1330
126 1333,1332,1334,1337,1335,1336
128 1350,1341,1342,1351,1343,1346,1353,1347,1349,1340,1355,1354,1345,1348,1352,1344,1338,1339
131 1402,1454,1410,1358,1395,1441,1430,1411,1474,1407,1389,1409,1367,1442,1456,1458,1418,1377,1455,1415,1444,1449,1408,1359,1390,1464,1429,1445,1423,1436,1400,1468,1426,1457,1396,1438,1373,1466,1412,1391,1439,1397,1434,1453,1422,1432,1413,1428,1381,1406,1420,1473,1469,1465,1470,1475,1462,1398,1372,1446,1443,1362,1431,1399,1459,1471,1452,1404,1394,1374,1365,1375,1448,1440,1403,1461,1467,1385,1364,1433,1419,1424,1416,1380,1435,1392,1376,1386,1379,1450,1382,1447,1366,1425,1414,1388,1427,1369,1460,1368,1370,1378,1371,1421,1363,1361,1472,1401,1451,1393,1463,1384,1360,1356,1405,1387,1383,1417,1437,1357
129 1476,1477,1479,1480,1481,1478
130 1483,1482,1485,1484,1486,1487
134 1494,1492,1498,1488,1497,1490,1491,1496,1495,1499,1489,1493
138 1502,1505,1500,1501,1503,1504
142 1513,1523,1514,1516,1518,1517,1522,1520,1507,1509,1528,1515,1512,1506,1529,1508,1510,1524,1519,1511,1521,1527,1526,1525
144 1532,1534,1530,1531,1533,1535
60 1565,1545,1539,1552,1557,1538,1546,1555,1543,1572,1541,1562,1567,1570,1537,1566,1547,1550,1548,1559,1560,1544,1571,1551,1554,1569,1563,1573,1536,1574,1564,1558,1542,1568,1549,1553,1575,1577,1540,1576,1556,1561
146 1590,1594,1580,1595,1587,1593,1583,1591,1582,1592,1586,1578,1588,1584,1589,1581,1585,1579
147 1597,1613,1608,1610,1607,1604,1603,1596,1606,1611,1599,1600,1609,1612,1598,1605,1601,1602
148 1615,1614,1617,1619,1618,1616
151 1621,1624,1631,1630,1622,1626,1628,1620,1623,1625,1627,1629
152 1634,1666,1663,1635,1662,1655,1637,1652,1650,1653,1633,1658,1665,1640,1649,1656,1644,1659,1645,1636,1641,1660,1664,1654,1639,1648,1657,1667,1638,1646,1651,1643,1647,1632,1642,1661
153 1685,1673,1689,1684,1680,1675,1691,1681,1682,1695,1676,1670,1672,1679,1677,1688,1692,1690,1668,1671,1669,1686,1696,1693,1687,1683,1697,1694,1674,1678
165 1699,1704,1713,1707,1712,1705,1710,1702,1715,1703,1698,1701,1708,1714,1706,1711,1709,1700
167 1718,1717,1716,1721,1719,1720
168 1723,1729,1722,1727,1724,1732,1726,1728,1733,1731,1730,1725
169 1746,1757,1740,1767,1742,1741,1751,1760,1766,1748,1744,1738,1743,1749,1752,1769,1762,1750,1739,1755,1734,1756,1761,1759,1747,1763,1754,1768,1735,1745,1736,1764,1753,1737,1758,1765
171 1770,1772,1777,1771,1775,1781,1778,1773,1779,1776,1780,1774
172 1785,1787,1784,1786,1782,1783
175 1828,1818,1831,1815,1812,1829,1814,1830,1806,1801,1810,1794,1800,1789,1799,1826,1793,1808,1835,1823,1792,1795,1802,1833,1821,1827,1819,1809,1832,1811,1803,1834,1788,1790,1825,1824,1796,1805,1797,1791,1820,1816,1804,1817,1807,1798,1813,1822
177 1836,1861,1863,1843,1851,1859,1852,1856,1849,1840,1847,1853,1855,1848,1845,1864,1865,1839,1858,1850,1842,1862,1857,1846,1854,1838,1860,1837,1844,1841
178 1879,1878,1872,1873,1877,1866,1876,1870,1869,1881,1868,1880,1883,1874,1875,1871,1882,1867
179 1887,1885,1889,1888,1886,1884
182 1893,1894,1890,1891,1892,1895
183 1898,1904,1900,1899,1901,1906,1903,1902,1896,1905,1897,1907
73 1908,1918,1921,1923,1911,1916,1924,1909,1919,1915,1925,1917,1910,1912,1922,1920,1914,1913
184 1931,1929,1930,1935,1934,1937,1932,1927,1936,1926,1933,1928
186 1954,1949,1959,1957,1948,1942,1950,1944,1940,1953,1943,1945,1955,1961,1958,1939,1952,1951,1941,1938,1956,1960,1947,1946
187 1996,1964,1981,1969,1979,1993,1991,1977,1995,1992,1974,1965,1978,1984,1975,1985,1987,1990,1966,1971,1989,1970,1963,1973,1968,1972,1983,1988,1994,1980,1982,1967,1976,1997,1986,1962
255 2004,2008,2006,2001,2002,2000,2005,2003,2007,1999,2009,1998
188 2020,2011,2016,2029,2019,2012,2013,2015,2018,2031,2010,2030,2014,2032,2025,2021,2024,2033,2022,2023,2027,2026,2028,2017
109 2059,2049,2044,2061,2053,2054,2055,2060,2035,2063,2057,2050,2037,2047,2058,2038,2051,2040,2036,2046,2039,2056,2045,2062,2048,2043,2041,2034,2052,2042
191 2071,2092,2067,2077,2064,2087,2072,2083,2093,2090,2081,2088,2086,2075,2068,2089,2065,2066,2076,2082,2078,2085,2074,2080,2073,2084,2070,2091,2069,2079
193 2096,2094,2097,2095,2098,2102,2101,2105,2104,2103,2100,2099
194 2121,2106,2120,2128,2124,2126,2123,2109,2115,2118,2119,2110,2107,2114,2112,2127,2122,2129,2113,2125,2116,2108,2111,2117
196 2145,2135,2140,2159,2143,2156,2144,2136,2134,2130,2138,2151,2133,2158,2150,2132,2157,2147,2146,2148,2149,2154,2139,2141,2142,2155,2137,2131,2153,2152
198 2229,2163,2192,2161,2187,2182,2204,2191,2231,2207,2183,2199,2164,2240,2237,2173,2170,2216,2169,2221,2217,2230,2208,2213,2226,2224,2188,2215,2195,2241,2167,2228,2177,2234,2176,2171,2218,2203,2232,2209,2242,2202,2178,2214,2185,2206,2236,2196,2211,2190,2243,2223,2184,2238,2225,2189,2193,2197,2198,2219,2172,2201,2200,2168,2165,2210,2160,2186,2166,2239,2180,2233,2174,2179,2235,2205,2175,2162,2194,2222,2212,2227,2181,2220
200 2247,2251,2248,2254,2252,2245,2244,2246,2250,2249,2255,2253
201 2270,2285,2261,2268,2271,2276,2263,2283,2264,2256,2267,2282,2260,2275,2258,2266,2277,2272,2273,2269,2279,2284,2259,2278,2274,2265,2280,2262,2257,2281
202 2311,2304,2302,2287,2310,2286,2301,2315,2299,2300,2307,2309,2298,2314,2290,2289,2312,2308,2313,2305,2297,2296,2306,2292,2303,2293,2291,2295,2294,2288
204 2317,2321,2318,2319,2320,2316
206 2327,2322,2333,2341,2334,2337,2330,2343,2328,2326,2331,2332,2324,2344,2325,2345,2340,2336,2323,2338,2335,2329,2339,2342
208 2355,2359,2354,2364,2368,2362,2363,2357,2349,2347,2367,2350,2356,2353,2365,2352,2366,2351,2348,2358,2360,2369,2346,2361
245 2378,2374,2371,2384,2372,2382,2373,2375,2381,2377,2376,2383,2379,2380,2370,2387,2385,2386
209 2398,2388,2394,2393,2389,2399,2391,2390,2395,2392,2396,2397
210 2411,2406,2400,2418,2408,2414,2402,2403,2421,2405,2423,2404,2407,2420,2422,2416,2412,2410,2417,2401,2415,2413,2419,2409
214 2434,2427,2455,2451,2465,2450,2429,2436,2443,2424,2457,2426,2456,2438,2453,2444,2463,2462,2458,2454,2446,2439,2432,2433,2425,2430,2435,2460,2459,2461,2431,2428,2445,2441,2448,2449,2442,2447,2452,2440,2437,2464
215 2468,2467,2469,2470,2466,2471
217 2474,2476,2473,2472,2477,2475
219 2480,2495,2491,2481,2487,2485,2489,2488,2478,2490,2492,2486,2493,2479,2494,2483,2484,2482
221 2507,2510,2500,2496,2508,2506,2503,2512,2511,2499,2497,2501,2502,2505,2509,2513,2498,2504
222 2515,2552,2541,2530,2562,2569,2523,2564,2551,2520,2525,2514,2517,2553,2516,2566,2546,2561,2527,2533,2565,2539,2537,2519,2534,2536,2521,2524,2548,2545,2542,2560,2557,2532,2543,2535,2518,2550,2568,2526,2573,2572,2570,2544,2531,2556,2528,2559,2554,2555,2540,2522,2563,2567,2538,2558,2547,2529,2571,2549
223 2585,2575,2588,2579,2580,2577,2591,2583,2589,2578,2587,2574,2590,2576,2581,2586,2584,2582
227 2605,2607,2597,2592,2604,2606,2602,2601,2598,2609,2594,2599,2603,2600,2593,2596,2608,2595
229 2614,2613,2610,2612,2615,2611
232 2625,2619,2629,2628,2620,2631,2617,2621,2630,2622,2626,2632,2624,2616,2618,2627,2633,2623
235 2638,2637,2634,2635,2636,2639
236 2644,2643,2642,2640,2641,2645
110 2651,2650,2648,2647,2646,2649
239 2685,2652,2689,2670,2662,2698,2692,2664,2683,2679,2673,2676,2666,2677,2678,2674,2665,2667,2660,2695,2661,2693,2675,2668,2654,2659,2681,2697,2672,2655,2658,2696,2680,2663,2686,2682,2699,2691,2687,2690,2669,2694,2657,2684,2656,2671,2653,2688
55 2712,2705,2700,2707,2709,2734,2725,2720,2711,2738,2723,2710,2713,2714,2702,2724,2736,2739,2732,2719,2733,2747,2704,2701,2717,2730,2735,2721,2731,2746,2741,2715,2703,2706,2745,2718,2744,2743,2729,2737,2726,2727,2742,2708,2716,2722,2740,2728
246 2750,2753,2751,2748,2752,2749
248 2763,2771,2755,2770,2764,2759,2767,2754,2761,2769,2762,2756,2757,2766,2760,2768,2765,2758
253 2776,2783,2775,2773,2772,2777,2779,2780,2774,2781,2778,2782
254 2785,2788,2784,2789,2786,2787
256 2793,2791,2797,2799,2792,2801,2795,2790,2798,2794,2796,2800
258 2822,2845,2806,2820,2809,2805,2829,2802,2840,2824,2819,2849,2846,2836,2812,2821,2830,2841,2844,2818,2827,2842,2823,2826,2825,2813,2828,2811,2837,2834,2807,2817,2808,2814,2833,2847,2803,2848,2843,2816,2831,2838,2815,2804,2835,2839,2832,2810
259 2857,2854,2855,2850,2859,2860,2851,2861,2856,2853,2858,2852
260 2867,2870,2868,2874,2862,2872,2877,2879,2873,2866,2875,2865,2863,2869,2864,2871,2876,2878
262 2884,2881,2890,2885,2880,2883,2882,2887,2891,2889,2888,2886
263 2898,2904,2913,2905,2908,2907,2915,2903,2909,2906,2901,2894,2899,2893,2896,2892,2912,2910,2902,2897,2911,2895,2914,2900
123 2927,2923,2926,2919,2931,2933,2929,2917,2918,2925,2924,2932,2928,2921,2922,2930,2920,2916
224 2936,2945,2940,2934,2944,2938,2942,2937,2943,2935,2939,2941
103 2960,2953,2952,2957,2950,2963,2967,2948,2954,2958,2956,2969,2965,2968,2949,2964,2962,2951,2959,2955,2946,2966,2947,2961
5 2977,2974,2979,2975,2971,2978,2970,2972,2981,2980,2976,2973
62 3000,2982,2986,2993,2987,2992,2984,2988,2997,2985,3004,2994,2998,3003,2999,2991,2996,2995,2990,3005,2989,3002,3001,2983
145 3032,3016,3026,3030,3019,3014,3007,3031,3008,3013,3025,3011,3037,3021,3040,3012,3029,3024,3039,3035,3036,3017,3023,3015,3020,3028,3041,3027,3022,3009,3034,3033,3038,3010,3006,3018
72 3043,3044,3045,3046,3042,3047
163 3068,3069,3063,3051,3097,3086,3079,3067,3090,3073,3057,3066,3100,3050,3093,3094,3082,3088,3076,3056,3074,3099,3071,3060,3053,3095,3106,3072,3065,3070,3085,3083,3062,3059,3055,3048,3061,3102,3104,3096,3080,3107,3103,3052,3084,3064,3089,3101,3091,3081,3078,3092,3087,3049,3054,3075,3058,3077,3098,3105
150 3113,3111,3110,3112,3109,3108
38 3117,3116,3115,3119,3114,3118
8 3121,3137,3120,3127,3129,3128,3131,3122,3126,3133,3136,3123,3132,3134,3125,3124,3135,3130
27 3141,3138,3139,3140,3143,3142
79 3144,3148,3149,3146,3145,3147
61 3180,3179,3154,3184,3153,3168,3161,3166,3182,3175,3172,3173,3162,3163,3170,3158,3156,3164,3178,3159,3174,3157,3183,3169,3150,3176,3167,3185,3151,3177,3160,3171,3155,3181,3152,3165
176 3192,3191,3199,3203,3200,3198,3193,3197,3190,3196,3188,3187,3202,3195,3186,3201,3189,3194
154 3219,3221,3212,3216,3218,3205,3208,3209,3207,3204,3211,3213,3214,3210,3206,3220,3215,3217
33 3225,3227,3226,3222,3224,3223
7 3229,3243,3235,3231,3238,3244,3242,3236,3232,3245,3230,3239,3234,3240,3241,3233,3228,3237
189 3247,3251,3249,3246,3250,3248
89 3281,3285,3271,3280,3262,3273,3291,3257,3272,3255,3277,3261,3284,3260,3263,3286,3292,3269,3276,3265,3293,3283,3278,3266,3270,3288,3252,3287,3290,3268,3264,3253,3282,3289,3267,3274,3259,3275,3279,3254,3258,3256
100 3298,3305,3295,3297,3299,3303,3301,3296,3300,3302,3294,3304
17 3311,3310,3307,3306,3309,3308
35 3312,3316,3314,3315,3317,3313
63 3323,3322,3319,3321,3318,3320
2 3330,3329,3342,3334,3347,3343,3326,3335,3336,3333,3339,3338,3345,3327,3340,3325,3344,3331,3328,3332,3346,3324,3337,3341
58 3352,3349,3350,3356,3353,3359,3358,3354,3348,3355,3357,3351
173 3367,3361,3372,3364,3366,3371,3360,3376,3370,3365,3375,3373,3363,3368,3377,3362,3374,3369
158 3380,3378,3382,3383,3379,3381
113 3431,3430,3406,3410,3405,3417,3437,3394,3384,3407,3412,3414,3398,3420,3395,3425,3435,3392,3390,3413,3386,3404,3427,3401,3397,3434,3429,3428,3387,3409,3389,3421,3402,3415,3411,3403,3433,3416,3388,3426,3408,3391,3396,3419,3400,3393,3432,3423,3385,3399,3424,3436,3418,3422
114 3443,3440,3439,3441,3438,3442
9 3467,3451,3458,3454,3457,3446,3464,3447,3445,3459,3452,3453,3465,3455,3456,3461,3444,3449,3448,3463,3450,3462,3460,3466
251 3468,3471,3473,3469,3470,3472
43 3479,3474,3475,3476,3478,3477
10 3491,3497,3481,3483,3482,3486,3488,3494,3490,3496,3480,3485,3493,3492,3484,3495,3489,3487
241 3499,3502,3500,3501,3503,3498
226 3508,3516,3513,3512,3504,3527,3526,3520,3519,3510,3515,3521,3509,3525,3517,3518,3524,3507,3514,3522,3511,3506,3523,3505
155 3548,3541,3529,3551,3528,3537,3552,3530,3557,3532,3535,3555,3538,3556,3547,3540,3542,3545,3546,3544,3549,3554,3536,3550,3553,3531,3539,3534,3543,3533
164 3559,3561,3560,3562,3558,3563
81 3584,3573,3566,3577,3567,3580,3565,3583,3570,3582,3587,3564,3585,3581,3586,3579,3571,3574,3569,3576,3568,3572,3575,3578
44 3591,3588,3593,3592,3589,3590
20 3602,3594,3599,3600,3598,3603,3596,3595,3604,3605,3597,3601
45 3606,3615,3619,3623,3616,3613,3610,3612,3621,3608,3614,3611,3622,3609,3617,3618,3607,3620
77 3666,3668,3637,3627,3644,3665,3667,3652,3632,3670,3664,3639,3653,3646,3656,3658,3628,3655,3649,3634,3660,3624,3625,3654,3669,3661,3631,3630,3641,3663,3659,3662,3642,3633,3640,3636,3629,3635,3650,3651,3626,3647,3645,3648,3638,3657,3671,3643
11 3674,3676,3673,3675,3680,3677,3679,3672,3678,3682,3683,3681
203 3692,3712,3690,3703,3694,3696,3684,3697,3707,3689,3717,3706,3686,3716,3708,3705,3714,3701,3700,3711,3710,3715,3702,3695,3688,3713,3693,3704,3719,3699,3685,3698,3718,3691,3687,3709
230 3721,3728,3724,3720,3729,3725,3723,3722,3726,3727,3731,3730
181 3740,3748,3741,3751,3738,3743,3746,3750,3732,3735,3749,3754,3753,3737,3742,3745,3734,3739,3747,3755,3733,3744,3752,3736
57 3761,3757,3759,3760,3758,3756
213 3764,3762,3770,3767,3765,3776,3774,3768,3766,3769,3772,3779,3763,3771,3778,3775,3777,3773
3 3781,3787,3788,3782,3783,3785,3780,3784,3791,3786,3789,3790
228 3793,3797,3815,3804,3809,3801,3816,3811,3818,3795,3800,3799,3812,3806,3817,3807,3819,3808,3814,3796,3802,3798,3792,3820,3810,3805,3813,3803,3821,3794
139 3845,3837,3836,3828,3840,3832,3831,3844,3838,3823,3843,3829,3841,3835,3842,3827,3833,3822,3826,3824,3834,3839,3825,3830
46 3876,3872,3879,3880,3870,3862,3865,3868,3859,3864,3866,3861,3853,3860,3855,3846,3854,3848,3869,3873,3881,3852,3856,3877,3867,3847,3871,3858,3863,3849,3875,3857,3874,3850,3851,3878
64 3935,3911,3886,3930,3906,3896,3937,3938,3908,3904,3885,3931,3926,3927,3898,3917,3932,3940,3929,3888,3887,3890,3933,3928,3901,3894,3921,3891,3905,3922,3924,3934,3925,3895,3910,3920,3912,3923,3893,3936,3939,3907,3909,3902,3915,3884,3882,3919,3918,3913,3889,3883,3941,3914,3916,3899,3900,3903,3897,3892
26 3944,3947,3945,3942,3946,3943
243 3950,3948,3951,3952,3949,3953
91 3959,3955,3958,3954,3957,3956
0 3960,3963,3964,3965,3961,3962
162 3980,3970,3978,3987,3977,3975,3974,3981,3988,3971,3982,3984,3989,3985,3983,3966,3976,3972,3986,3968,3967,3973,3969,3979
132 3994,3993,3997,3998,3996,3995,4000,3999,3990,4001,3992,3991
36 4004,4003,4005,4013,4025,4021,4012,4014,4030,4031,4029,4011,4023,4002,4028,4019,4017,4007,4020,4027,4022,4009,4006,4010,4008,4018,4015,4026,4016,4024
156 4033,4032,4035,4037,4036,4034
107 4072,4051,4045,4067,4055,4038,4039,4071,4058,4064,4059,4040,4062,4065,4047,4048,4070,4052,4068,4076,4060,4046,4042,4044,4057,4050,4063,4054,4066,4041,4075,4049,4069,4061,4074,4056,4077,4078,4079,4073,4053,4043
249 4084,4091,4090,4082,4087,4086,4088,4080,4083,4081,4089,4085
85 4103,4105,4101,4093,4107,4094,4108,4095,4104,4100,4106,4102,4097,4098,4099,4092,4109,4096
225 4122,4113,4116,4114,4123,4111,4117,4125,4126,4115,4110,4119,4118,4112,4127,4124,4120,4121
231 4132,4129,4130,4128,4131,4133
240 4134,4142,4140,4144,4138,4141,4143,4135,4137,4145,4139,4136
135 4157,4146,4156,4160,4147,4153,4167,4150,4179,4171,4181,4168,4176,4158,4164,4149,4155,4173,4170,4177,4163,4161,4180,4166,4151,4174,4148,4178,4162,4154,4159,4169,4172,4175,4165,4152
207 4187,4184,4185,4182,4186,4183
197 4201,4188,4206,4192,4193,4207,4208,4202,4195,4190,4211,4203,4209,4197,4205,4196,4199,4191,4204,4194,4200,4198,4210,4189
15 4213,4216,4214,4217,4212,4215
252 4222,4234,4218,4221,4230,4223,4220,4232,4233,4219,4224,4225,4227,4231,4228,4235,4226,4229
185 4242,4246,4245,4241,4243,4239,4240,4247,4238,4244,4237,4236
6 4269,4251,4271,4263,4256,4265,4249,4264,4267,4255,4260,4268,4248,4250,4262,4257,4270,4259,4258,4252,4261,4254,4266,4253
161 4304,4300,4276,4292,4290,4308,4302,4314,4312,4301,4273,4277,4294,4319,4282,4305,4296,4315,4310,4279,4295,4289,4285,4303,4283,4280,4307,4291,4316,4281,4311,4317,4275,4299,4313,4286,4318,4287,4309,4298,4278,4288,4284,4306,4274,4272,4293,4297
218 4327,4324,4326,4328,4331,4323,4320,4330,4322,4329,4321,4325
136 4339,4340,4334,4336,4342,4333,4335,4332,4338,4337,4343,4341
94 4347,4346,4353,4351,4348,4345,4350,4344,4352,4354,4349,4355
37 4371,4374,4390,4385,4359,4373,4393,4384,4398,4368,4401,4366,4380,4369,4356,4388,4375,4360,4386,4367,4394,4399,4370,4382,4364,4397,4378,4376,4403,4361,4362,4391,4372,4381,4402,4395,4379,4389,4377,4400,4365,4392,4363,4383,4387,4358,4357,4396
149 4461,4465,4424,4441,4453,4431,4469,4422,4458,4419,4442,4446,4463,4462,4456,4425,4468,4405,4433,4443,4411,4454,4421,4432,4436,4449,4466,4426,4437,4415,4416,4448,4430,4404,4438,4409,4427,4407,4457,4410,4423,4428,4439,4413,4464,4420,4451,4408,4467,4445,4450,4418,4452,4447,4406,4440,4444,4459,4460,4414,4455,4412,4434,4429,4435,4417
13 4471,4472,4470,4474,4475,4473
39 4480,4476,4481,4477,4479,4478
