234 6,7,8,0,10,11,1,3,2,4,9,5
1 41,37,39,38,23,35,22,18,28,12,14,15,33,31,29,36,20,17,13,24,21,25,16,19,26,27,30,40,32,34
4 53,51,43,49,45,46,44,50,52,42,47,48
16 62,57,59,58,64,60,54,55,61,63,56,65
18 105,77,112,109,96,67,86,95,68,89,79,81,101,73,72,107,113,80,87,74,110,102,69,104,111,90,92,85,99,84,88,78,93,106,98,100,71,97,103,91,83,108,82,76,75,70,94,66
19 125,119,117,124,116,123,122,118,120,115,121,114
21 130,140,132,133,131,134,139,143,154,148,152,145,151,149,136,144,127,126,141,146,135,156,155,150,142,161,160,159,147,128,129,137,138,158,157,153
23 173,177,165,172,179,169,171,175,162,166,178,167,168,170,176,164,174,163
24 190,191,180,189,183,186,185,188,184,187,181,182
25 195,196,192,197,198,199,200,193,201,202,194,203
28 221,204,220,205,211,213,214,219,217,210,212,215,208,216,218,206,207,209
30 229,228,231,239,227,224,225,235,222,232,234,230,236,238,233,237,226,223
31 254,245,253,255,242,241,240,249,247,244,246,243,250,256,251,248,252,257
32 280,279,268,271,272,281,269,278,263,274,270,265,267,261,277,264,276,266,258,260,273,262,259,275
216 288,305,322,303,321,304,318,284,298,314,287,295,319,323,313,317,308,293,301,306,307,285,282,311,289,320,316,294,286,291,309,310,292,315,297,290,302,283,312,300,299,296
34 376,338,344,337,370,328,355,327,351,359,346,348,372,326,375,339,365,329,330,357,334,336,361,377,356,350,325,354,362,343,352,347,366,342,369,349,345,332,333,341,363,367,373,324,364,335,374,371,368,353,340,360,358,331
40 393,394,389,378,388,386,390,383,395,392,381,380,379,387,391,384,385,382
41 413,406,405,398,407,400,411,404,410,412,408,399,401,397,396,409,403,402
42 418,430,419,424,427,415,428,421,423,420,431,429,416,425,414,426,422,417
199 432,434,435,433,437,436
160 447,453,455,465,471,445,460,470,469,438,468,466,446,467,442,443,461,463,458,459,472,440,473,464,439,462,452,454,449,444,448,451,457,450,456,441
47 516,491,506,487,483,489,512,478,490,477,479,521,515,507,510,496,499,476,518,481,500,511,492,493,508,480,517,498,484,497,488,474,520,505,519,501,504,502,503,513,482,514,509,495,494,475,485,486
78 523,528,531,525,546,527,533,540,522,538,537,548,551,545,536,539,535,543,524,541,549,547,542,529,550,530,532,534,544,526
48 560,557,561,552,559,555,554,556,553,562,563,558
53 565,574,566,571,572,567,575,570,568,569,564,573
250 592,593,580,588,576,582,578,587,590,579,577,585,584,589,583,581,586,591
49 601,594,599,602,600,604,597,603,595,605,596,598
257 608,607,611,606,610,609
22 616,621,614,620,615,622,613,617,623,612,619,618
67 651,641,625,654,638,652,656,658,647,627,629,657,650,631,653,648,636,642,630,644,628,649,635,624,643,639,632,646,655,634,626,637,645,633,659,640
68 673,676,694,690,660,682,695,671,662,691,670,685,687,664,681,666,661,683,689,668,684,686,678,667,688,675,665,679,674,669,677,680,672,692,663,693
69 698,697,702,706,704,705,699,696,701,707,703,700
71 717,720,724,723,712,719,721,718,713,716,725,709,715,708,722,711,714,710
74 726,737,730,729,733,727,735,731,734,728,736,732
75 791,750,779,738,767,780,749,762,773,752,739,794,768,772,764,744,747,748,757,792,788,783,786,756,785,740,790,743,746,770,789,795,793,745,742,759,781,797,775,782,776,754,778,777,787,753,760,796,751,769,771,763,784,765,766,774,758,761,755,741
76 802,801,800,798,803,799
159 815,810,811,806,804,813,805,812,814,809,807,808
80 865,866,877,837,881,885,862,839,910,901,880,844,896,900,875,857,820,841,855,856,860,897,846,888,832,890,907,892,861,903,830,849,842,899,825,819,911,883,871,879,874,847,824,878,863,864,818,870,869,868,833,905,886,872,822,851,894,838,895,873,834,817,852,867,906,816,891,845,884,882,898,850,848,858,854,909,840,827,826,821,831,823,887,828,859,893,876,902,908,829,889,836,843,904,853,835
82 928,918,925,929,923,916,917,915,927,920,926,914,924,912,922,913,921,919
83 955,961,941,939,934,958,972,931,949,971,963,944,965,964,966,968,975,940,943,973,945,938,957,935,977,974,933,946,951,954,932,960,962,956,936,930,976,970,947,952,953,948,967,937,942,950,959,969
84 983,979,978,981,982,980
87 992,993,1001,987,1007,1013,985,989,1003,997,996,990,988,1002,1008,991,994,998,1009,986,1005,984,1011,995,999,1010,1004,1000,1006,1012
88 1014,1016,1019,1015,1017,1018
90 1025,1026,1023,1027,1022,1020,1031,1028,1021,1030,1024,1029
92 1037,1043,1038,1033,1040,1032,1035,1036,1041,1042,1039,1034
96 1052,1048,1051,1053,1055,1050,1044,1047,1046,1049,1054,1045
98 1059,1064,1063,1061,1058,1060,1057,1056,1066,1067,1062,1065
97 1068,1072,1070,1069,1084,1073,1081,1076,1085,1078,1083,1077,1074,1080,1082,1079,1075,1071
102 1086,1090,1088,1087,1089,1091
190 1092,1093,1096,1095,1094,1097
105 1109,1107,1104,1100,1108,1106,1099,1101,1105,1103,1098,1102
50 1111,1115,1112,1113,1110,1114
106 1120,1121,1118,1116,1117,1119
108 1137,1135,1134,1136,1125,1122,1123,1124,1133,1127,1147,1141,1148,1138,1142,1144,1139,1151,1132,1129,1150,1149,1146,1143,1131,1130,1128,1126,1145,1140
112 1160,1155,1152,1153,1162,1159,1154,1158,1156,1163,1157,1161
119 1181,1186,1166,1169,1174,1185,1168,1180,1171,1167,1187,1178,1170,1164,1177,1173,1165,1175,1176,1172,1183,1184,1179,1182
120 1190,1197,1193,1198,1191,1195,1194,1192,1199,1188,1189,1196
121 1211,1204,1229,1202,1206,1219,1207,1224,1221,1228,1205,1227,1220,1209,1200,1212,1223,1216,1215,1210,1225,1208,1218,1222,1226,1214,1201,1217,1213,1203
122 1262,1233,1247,1288,1266,1254,1295,1293,1258,1263,1250,1246,1248,1291,1265,1281,1245,1240,1260,1280,1249,1241,1251,1259,1273,1235,1256,1236,1267,1274,1294,1243,1264,1287,1275,1261,1272,1278,1277,1257,1231,1271,1292,1290,1238,1286,1255,1276,1282,1252,1253,1279,1230,1242,1239,1244,1270,1283,1284,1285,1289,1232,1234,1269,1237,1268
65 1312,1311,1313,1296,1304,1308,1306,1307,1298,1303,1310,1301,1299,1305,1297,1309,1302,1300
124 1314,1318,1315,1319,1317,1316
125 1323,1324,1320,1321,1322,1325
115 1327,1331,1329,1328,1330,1326
126 1337,1336,1332,1335,1333,1334
128 1350,1353,1354,1352,1341,1347,1340,1342,1343,1355,1339,1349,1344,1348,1338,1346,1351,1345
131 1402,1466,1467,1449,1376,1454,1447,1446,1409,1385,1432,1388,1400,1441,1358,1434,1443,1367,1396,1392,1473,1440,1371,1412,1450,1419,1464,1416,1420,1433,1380,1436,1382,1461,1455,1459,1375,1410,1374,1398,1475,1381,1403,1407,1452,1421,1469,1379,1394,1470,1439,1372,1429,1401,1413,1404,1474,1378,1386,1442,1366,1472,1359,1451,1458,1426,1411,1468,1445,1368,1415,1370,1369,1465,1422,1423,1418,1391,1425,1427,1460,1395,1364,1384,1430,1363,1417,1356,1361,1435,1408,1463,1414,1389,1457,1390,1431,1393,1377,1383,1428,1360,1387,1373,1362,1437,1471,1462,1453,1406,1444,1357,1456,1397,1438,1405,1365,1399,1448,1424
129 1476,1479,1480,1478,1481,1477
130 1482,1485,1483,1487,1484,1486
134 1495,1498,1497,1496,1493,1494,1488,1490,1499,1492,1489,1491
138 1503,1502,1500,1504,1505,1501
142 1506,1529,1523,1509,1516,1522,1514,1519,1524,1518,1513,1517,1528,1515,1508,1507,1526,1521,1511,1512,1520,1510,1527,1525
144 1530,1535,1532,1534,1533,1531
60 1545,1574,1544,1549,1573,1565,1569,1539,1536,1554,1542,1570,1571,1546,1563,1575,1558,1548,1564,1552,1560,1550,1543,1567,1540,1537,1562,1557,1547,1566,1568,1576,1577,1559,1572,1538,1551,1553,1556,1561,1555,1541
146 1581,1593,1590,1586,1588,1585,1583,1594,1587,1591,1589,1592,1580,1584,1579,1578,1582,1595
147 1599,1603,1609,1610,1612,1607,1606,1604,1611,1613,1597,1598,1596,1608,1600,1601,1605,1602
148 1615,1619,1617,1616,1614,1618
151 1625,1628,1630,1626,1620,1622,1621,1631,1624,1627,1629,1623
152 1644,1664,1651,1657,1655,1649,1658,1637,1662,1634,1636,1640,1645,1648,1638,1653,1667,1659,1663,1633,1639,1650,1635,1654,1665,1643,1646,1666,1647,1656,1632,1642,1652,1641,1661,1660
153 1670,1686,1684,1688,1690,1692,1681,1676,1689,1682,1669,1671,1680,1675,1673,1672,1677,1683,1687,1695,1679,1685,1696,1691,1697,1693,1668,1674,1694,1678
165 1699,1712,1715,1708,1702,1714,1701,1706,1704,1703,1700,1707,1713,1711,1698,1705,1709,1710
167 1717,1716,1721,1720,1718,1719
168 1726,1723,1722,1727,1729,1728,1730,1731,1732,1725,1724,1733
169 1769,1755,1750,1761,1739,1740,1768,1762,1757,1734,1738,1744,1752,1763,1748,1759,1760,1743,1756,1746,1766,1751,1754,1735,1767,1741,1742,1737,1764,1765,1736,1749,1753,1747,1745,1758
171 1773,1770,1775,1774,1777,1776,1781,1780,1772,1778,1771,1779
172 1785,1786,1787,1783,1784,1782
175 1826,1833,1788,1796,1825,1806,1828,1818,1812,1811,1802,1790,1793,1791,1834,1803,1794,1814,1829,1810,1792,1835,1797,1800,1789,1821,1831,1805,1827,1824,1832,1813,1830,1804,1808,1807,1809,1798,1822,1815,1816,1799,1817,1801,1820,1795,1823,1819
177 1858,1859,1862,1836,1848,1863,1856,1852,1847,1855,1849,1857,1846,1853,1864,1851,1843,1865,1837,1842,1845,1838,1861,1841,1840,1839,1854,1860,1844,1850
178 1872,1879,1873,1877,1881,1878,1870,1871,1875,1869,1883,1868,1880,1866,1876,1867,1882,1874
179 1885,1887,1889,1888,1884,1886
182 1891,1892,1890,1895,1893,1894
183 1898,1906,1901,1904,1902,1905,1897,1903,1900,1907,1899,1896
73 1924,1925,1908,1912,1918,1909,1915,1911,1921,1917,1922,1919,1913,1916,1923,1910,1914,1920
184 1934,1932,1935,1926,1929,1933,1928,1931,1936,1927,1930,1937
186 1940,1957,1943,1961,1956,1947,1950,1944,1941,1955,1953,1939,1954,1942,1949,1946,1938,1958,1948,1959,1960,1945,1952,1951
187 1964,1972,1985,1995,1965,1989,1971,1983,1980,1993,1988,1976,1996,1973,1968,1974,1979,1991,1994,1966,1984,1969,1975,1997,1981,1992,1986,1987,1978,1982,1970,1990,1977,1967,1963,1962
255 2006,2009,2002,2000,2007,1999,2008,2004,2005,2003,1998,2001
188 2011,2010,2013,2015,2033,2031,2032,2020,2024,2018,2029,2022,2030,2016,2025,2019,2023,2014,2012,2027,2017,2026,2021,2028
109 2055,2054,2045,2039,2050,2043,2048,2063,2046,2040,2035,2051,2062,2049,2047,2057,2034,2061,2058,2060,2044,2036,2059,2037,2052,2041,2042,2053,2056,2038
191 2082,2064,2071,2088,2081,2092,2076,2086,2065,2085,2074,2083,2067,2075,2087,2073,2072,2093,2077,2084,2066,2089,2070,2090,2069,2068,2091,2079,2080,2078
193 2105,2103,2096,2094,2097,2101,2095,2104,2100,2102,2099,2098
194 2115,2122,2127,2114,2113,2119,2121,2120,2108,2107,2111,2106,2118,2128,2110,2125,2124,2123,2116,2126,2109,2129,2112,2117
196 2130,2145,2157,2134,2135,2150,2140,2137,2154,2132,2158,2136,2147,2159,2141,2153,2151,2144,2146,2131,2142,2155,2156,2139,2149,2133,2152,2138,2143,2148
198 2229,2187,2211,2178,2214,2238,2237,2198,2195,2186,2172,2176,2177,2236,2228,2163,2193,2215,2225,2201,2232,2182,2174,2242,2219,2185,2208,2180,2226,2231,2168,2170,2190,2230,2206,2189,2200,2161,2167,2243,2173,2191,2209,2240,2207,2217,2171,2235,2241,2169,2204,2239,2221,2166,2213,2234,2194,2224,2183,2203,2192,2196,2233,2160,2179,2175,2164,2222,2205,2162,2188,2197,2216,2184,2199,2212,2202,2227,2181,2210,2223,2218,2220,2165
200 2254,2252,2255,2247,2253,2245,2250,2246,2248,2251,2244,2249
201 2273,2256,2278,2275,2285,2264,2266,2280,2258,2267,2263,2270,2260,2271,2276,2259,2279,2268,2269,2261,2265,2284,2283,2262,2282,2257,2274,2277,2281,2272
202 2307,2289,2306,2308,2305,2286,2311,2314,2300,2301,2299,2296,2290,2298,2287,2302,2315,2312,2295,2313,2309,2292,2304,2310,2303,2294,2297,2288,2293,2291
204 2318,2319,2317,2321,2316,2320
206 2344,2341,2324,2336,2332,2325,2335,2345,2343,2338,2333,2326,2334,2328,2327,2339,2342,2330,2329,2322,2323,2337,2331,2340
208 2368,2363,2356,2359,2364,2350,2349,2362,2366,2367,2365,2369,2358,2348,2355,2354,2360,2351,2361,2353,2357,2346,2352,2347
245 2378,2384,2374,2379,2377,2375,2383,2373,2381,2387,2371,2370,2380,2372,2382,2385,2376,2386
209 2389,2388,2392,2395,2398,2399,2390,2396,2393,2391,2397,2394
210 2418,2411,2407,2406,2412,2420,2404,2417,2405,2416,2408,2400,2402,2422,2410,2413,2423,2409,2401,2414,2403,2421,2419,2415
214 2435,2459,2441,2434,2446,2458,2432,2433,2444,2425,2463,2426,2460,2431,2424,2429,2453,2456,2457,2450,2448,2454,2428,2465,2455,2451,2462,2443,2447,2440,2452,2449,2445,2427,2461,2430,2436,2439,2437,2464,2438,2442
215 2468,2470,2469,2466,2467,2471
217 2472,2475,2474,2477,2476,2473
219 2480,2479,2481,2486,2490,2488,2485,2491,2494,2489,2484,2495,2487,2492,2483,2493,2478,2482
221 2507,2500,2496,2510,2511,2508,2501,2505,2499,2506,2497,2513,2503,2504,2498,2512,2502,2509
222 2560,2565,2533,2568,2557,2528,2522,2546,2525,2552,2536,2537,2573,2520,2556,2567,2524,2531,2570,2543,2550,2521,2562,2535,2517,2572,2539,2555,2542,2569,2518,2532,2564,2553,2523,2541,2554,2519,2558,2559,2547,2515,2534,2514,2516,2566,2544,2571,2540,2538,2530,2526,2529,2561,2527,2551,2548,2563,2549,2545
223 2585,2577,2575,2581,2580,2590,2583,2578,2587,2591,2579,2589,2584,2588,2576,2586,2574,2582
227 2606,2609,2594,2597,2607,2604,2592,2605,2602,2593,2596,2608,2603,2595,2600,2599,2601,2598
229 2615,2613,2610,2611,2614,2612
232 2616,2631,2622,2620,2624,2628,2630,2619,2618,2629,2621,2617,2633,2626,2627,2625,2623,2632
235 2638,2637,2639,2636,2635,2634
236 2640,2641,2643,2644,2642,2645
110 2651,2648,2647,2650,2646,2649
239 2652,2673,2665,2654,2662,2686,2675,2667,2670,2668,2661,2689,2658,2676,2664,2696,2663,2692,2681,2655,2682,2672,2677,2669,2680,2695,2699,2690,2659,2666,2685,2693,2691,2697,2698,2679,2671,2684,2653,2678,2660,2687,2656,2694,2657,2688,2683,2674
55 2736,2747,2701,2718,2745,2725,2702,2741,2742,2737,2719,2730,2713,2709,2733,2735,2710,2703,2738,2707,2734,2715,2723,2711,2731,2743,2705,2746,2700,2706,2721,2712,2744,2722,2739,2704,2729,2727,2708,2720,2732,2714,2717,2740,2716,2728,2724,2726
246 2750,2752,2751,2748,2749,2753
248 2757,2770,2756,2767,2754,2764,2771,2761,2763,2762,2760,2769,2755,2768,2765,2758,2759,2766
253 2779,2772,2783,2776,2777,2775,2781,2778,2782,2773,2780,2774
254 2787,2784,2785,2789,2786,2788
256 2792,2797,2796,2795,2799,2790,2794,2791,2793,2801,2798,2800
258 2828,2847,2825,2834,2824,2836,2842,2821,2838,2811,2807,2849,2820,2827,2818,2833,2806,2814,2813,2819,2829,2844,2802,2848,2837,2817,2808,2822,2839,2831,2845,2843,2830,2823,2846,2805,2832,2840,2835,2810,2812,2841,2804,2809,2815,2803,2816,2826
259 2861,2857,2851,2860,2850,2859,2854,2853,2852,2855,2856,2858
260 2873,2871,2874,2867,2877,2869,2870,2866,2863,2876,2868,2878,2872,2862,2879,2864,2875,2865
262 2890,2887,2885,2891,2883,2882,2881,2889,2888,2884,2880,2886
263 2906,2901,2913,2910,2903,2907,2909,2912,2908,2898,2894,2896,2902,2892,2895,2893,2904,2915,2905,2911,2897,2899,2914,2900
123 2917,2916,2927,2923,2918,2926,2928,2932,2925,2933,2930,2922,2919,2920,2931,2921,2929,2924
224 2936,2938,2943,2937,2944,2942,2934,2935,2945,2941,2939,2940
103 2967,2963,2950,2969,2957,2949,2958,2953,2952,2948,2962,2960,2968,2955,2959,2966,2954,2964,2965,2947,2951,2946,2961,2956
5 2972,2980,2981,2974,2971,2973,2975,2976,2978,2979,2977,2970
62 3000,2984,3003,2987,2992,2989,2986,3004,2995,3005,2988,2997,2996,2999,2985,2982,2994,2983,2993,2991,3002,2990,3001,2998
145 3016,3017,3039,3020,3013,3014,3030,3041,3033,3037,3023,3025,3029,3011,3019,3008,3028,3027,3026,3009,3038,3032,3006,3021,3015,3031,3036,3007,3018,3010,3024,3012,3040,3022,3035,3034
72 3042,3043,3045,3044,3046,3047
163 3083,3095,3062,3094,3096,3104,3074,3060,3068,3063,3099,3080,3053,3048,3107,3082,3055,3088,3069,3084,3102,3089,3079,3097,3066,3071,3076,3059,3064,3051,3078,3054,3056,3070,3093,3075,3090,3085,3073,3067,3058,3050,3092,3052,3081,3086,3049,3100,3091,3098,3077,3087,3103,3061,3072,3065,3106,3105,3057,3101
150 3111,3112,3113,3108,3110,3109
38 3118,3117,3116,3115,3119,3114
8 3121,3137,3133,3136,3131,3129,3122,3127,3134,3125,3128,3120,3135,3132,3124,3126,3130,3123
27 3141,3140,3139,3142,3138,3143
79 3145,3149,3148,3144,3146,3147
61 3158,3153,3180,3151,3183,3154,3169,3172,3166,3178,3185,3175,3161,3159,3168,3163,3177,3164,3156,3182,3150,3160,3176,3173,3174,3184,3162,3179,3171,3157,3181,3170,3165,3152,3167,3155
176 3191,3187,3190,3192,3199,3188,3197,3193,3200,3186,3203,3189,3201,3198,3196,3202,3194,3195
154 3218,3219,3207,3216,3204,3205,3212,3211,3208,3221,3213,3215,3206,3220,3214,3209,3210,3217
33 3225,3226,3227,3224,3222,3223
7 3238,3245,3234,3243,3231,3235,3236,3228,3230,3241,3229,3242,3244,3232,3240,3237,3233,3239
189 3246,3251,3247,3249,3250,3248
89 3292,3261,3293,3287,3268,3288,3262,3260,3253,3270,3278,3291,3273,3267,3284,3269,3266,3271,3282,3252,3257,3283,3281,3272,3286,3264,3280,3276,3255,3263,3285,3289,3265,3274,3254,3256,3290,3275,3277,3258,3279,3259
100 3303,3294,3302,3300,3296,3305,3297,3304,3298,3295,3299,3301
17 3307,3306,3310,3311,3308,3309
35 3315,3314,3312,3313,3317,3316
63 3322,3321,3323,3320,3318,3319
2 3338,3334,3332,3331,3325,3342,3335,3328,3329,3340,3343,3347,3333,3339,3344,3330,3326,3324,3337,3345,3336,3327,3346,3341
58 3349,3359,3356,3357,3358,3353,3355,3351,3354,3350,3352,3348
173 3373,3366,3375,3367,3376,3370,3361,3374,3360,3371,3368,3364,3362,3372,3377,3365,3363,3369
158 3380,3383,3378,3382,3381,3379
113 3386,3428,3388,3392,3415,3408,3429,3411,3427,3395,3396,3405,3404,3437,3389,3435,3384,3431,3398,3430,3407,3425,3406,3412,3409,3433,3413,3401,3410,3434,3416,3387,3414,3400,3417,3426,3403,3391,3393,3394,3420,3399,3421,3424,3419,3436,3418,3423,3385,3422,3390,3397,3402,3432
114 3440,3443,3441,3439,3442,3438
9 3448,3456,3461,3462,3457,3452,3447,3455,3463,3451,3454,3460,3445,3465,3464,3450,3446,3453,3466,3467,3449,3458,3444,3459
251 3473,3470,3468,3472,3471,3469
43 3474,3476,3475,3478,3479,3477
10 3491,3490,3483,3493,3480,3496,3497,3482,3494,3486,3481,3485,3492,3488,3484,3495,3487,3489
241 3501,3503,3500,3499,3498,3502
226 3515,3507,3525,3504,3512,3510,3518,3513,3527,3509,3514,3526,3522,3519,3511,3508,3516,3521,3523,3506,3517,3520,3524,3505
155 3556,3532,3536,3548,3550,3554,3540,3553,3546,3541,3555,3528,3549,3530,3537,3547,3542,3539,3531,3529,3535,3551,3557,3534,3552,3543,3544,3533,3545,3538
164 3560,3563,3561,3559,3562,3558
81 3564,3571,3569,3580,3584,3577,3582,3570,3579,3574,3568,3576,3586,3573,3565,3585,3583,3567,3587,3572,3566,3578,3575,3581
44 3593,3592,3588,3589,3591,3590
20 3601,3603,3594,3602,3599,3600,3598,3597,3595,3596,3604,3605
45 3608,3622,3612,3606,3610,3611,3609,3613,3621,3619,3615,3616,3617,3623,3620,3607,3618,3614
77 3662,3635,3631,3666,3640,3655,3625,3668,3654,3629,3634,3639,3651,3667,3649,3636,3641,3670,3663,3652,3644,3656,3664,3646,3624,3632,3645,3633,3647,3630,3669,3665,3637,3638,3661,3660,3653,3657,3627,3650,3626,3642,3643,3648,3628,3671,3658,3659
11 3674,3673,3672,3676,3680,3683,3682,3677,3678,3675,3681,3679
203 3711,3689,3692,3704,3696,3703,3697,3710,3685,3716,3684,3707,3690,3705,3713,3700,3708,3706,3718,3694,3698,3686,3719,3717,3688,3701,3712,3691,3714,3715,3687,3709,3695,3699,3702,3693
230 3724,3721,3725,3722,3723,3726,3729,3720,3731,3728,3727,3730
181 3735,3740,3745,3737,3747,3750,3732,3749,3746,3741,3755,3734,3742,3751,3748,3744,3753,3752,3738,3754,3743,3736,3733,3739
57 3757,3756,3760,3759,3758,3761
213 3778,3766,3777,3762,3775,3768,3765,3771,3776,3779,3770,3769,3764,3774,3773,3767,3763,3772
3 3782,3788,3781,3786,3791,3780,3784,3790,3785,3787,3783,3789
228 3800,3806,3799,3793,3797,3812,3818,3814,3816,3815,3804,3817,3811,3796,3819,3798,3802,3803,3810,3820,3813,3808,3792,3809,3801,3795,3794,3807,3805,3821
139 3835,3834,3823,3845,3827,3833,3828,3841,3826,3837,3838,3844,3832,3839,3831,3829,3836,3822,3840,3824,3842,3830,3825,3843
46 3854,3848,3855,3852,3864,3847,3873,3879,3867,3881,3876,3846,3860,3871,3865,3861,3853,3877,3869,3868,3880,3866,3875,3870,3858,3863,3872,3859,3849,3874,3862,3851,3856,3850,3857,3878
64 3911,3896,3902,3905,3907,3932,3891,3886,3906,3939,3930,3908,3909,3928,3938,3915,3935,3931,3937,3933,3904,3927,3895,3929,3924,3887,3919,3941,3934,3926,3900,3936,3916,3918,3883,3899,3921,3889,3893,3922,3885,3897,3914,3940,3917,3903,3892,3920,3913,3898,3901,3925,3890,3888,3912,3894,3884,3923,3882,3910
26 3944,3945,3946,3942,3947,3943
243 3950,3952,3951,3953,3948,3949
91 3955,3958,3957,3954,3959,3956
0 3965,3960,3963,3962,3964,3961
162 3985,3974,3980,3983,3987,3977,3988,3972,3984,3978,3981,3986,3982,3970,3971,3975,3989,3966,3976,3969,3967,3968,3973,3979
132 3996,3992,3997,3999,3994,3993,3998,4000,4001,3995,3990,3991
36 4014,4004,4003,4017,4025,4012,4022,4013,4030,4027,4029,4028,4007,4021,4031,4023,4002,4010,4026,4011,4020,4024,4009,4005,4016,4006,4008,4015,4018,4019
156 4032,4035,4037,4036,4034,4033
107 4072,4061,4059,4066,4065,4070,4076,4068,4058,4067,4042,4069,4054,4075,4039,4052,4048,4057,4044,4064,4060,4046,4074,4073,4063,4055,4041,4056,4078,4062,4049,4047,4051,4043,4038,4040,4071,4077,4045,4053,4079,4050
249 4088,4086,4084,4090,4091,4082,4083,4085,4080,4087,4081,4089
85 4103,4101,4100,4094,4106,4105,4102,4097,4099,4095,4093,4104,4109,4107,4096,4092,4098,4108
225 4122,4121,4124,4118,4110,4115,4116,4113,4125,4111,4126,4123,4112,4119,4114,4120,4117,4127
231 4130,4129,4131,4132,4128,4133
240 4135,4137,4134,4139,4138,4142,4141,4144,4143,4140,4145,4136
135 4180,4157,4181,4146,4167,4166,4147,4173,4155,4148,4151,4176,4164,4150,4177,4154,4172,4161,4169,4168,4174,4170,4149,4175,4162,4178,4158,4160,4153,4179,4156,4165,4171,4152,4159,4163
207 4183,4184,4186,4185,4187,4182
197 4203,4190,4194,4196,4211,4204,4201,4199,4206,4205,4193,4197,4191,4192,4207,4202,4208,4209,4198,4189,4188,4210,4195,4200
15 4216,4217,4212,4213,4215,4214
252 4224,4227,4235,4226,4230,4225,4228,4231,4234,4223,4232,4222,4229,4218,4233,4220,4221,4219
185 4246,4239,4245,4243,4244,4240,4242,4238,4247,4237,4241,4236
6 4269,4251,4270,4260,4267,4252,4271,4250,4259,4268,4257,4263,4258,4254,4248,4264,4256,4255,4266,4249,4265,4261,4253,4262
161 4316,4313,4310,4279,4277,4275,4304,4319,4311,4312,4287,4291,4295,4286,4302,4301,4284,4276,4281,4278,4315,4300,4303,4314,4298,4288,4305,4317,4318,4290,4283,4299,4309,4296,4280,4294,4297,4292,4272,4293,4285,4306,4282,4308,4274,4273,4307,4289
218 4330,4323,4322,4326,4327,4320,4324,4321,4325,4328,4331,4329
136 4340,4338,4339,4335,4343,4334,4333,4342,4332,4337,4336,4341
94 4354,4355,4352,4344,4349,4351,4346,4348,4353,4350,4345,4347
37 4360,4370,4403,4374,4401,4371,4398,4377,4380,4388,4367,4395,4373,4400,4402,4382,4385,4386,4366,4397,4356,4361,4393,4379,4389,4383,4399,4369,4375,4365,4392,4391,4390,4359,4387,4358,4376,4364,4357,4394,4372,4368,4384,4378,4362,4381,4396,4363
149 4448,4421,4431,4456,4466,4416,4405,4438,4439,4443,4424,4408,4469,4467,4406,4461,4418,4445,4427,4422,4430,4437,4432,4415,4425,4428,4419,4463,4458,4413,4420,4462,4404,4459,4465,4468,4460,4409,4410,4440,4441,4447,4442,4436,4414,4444,4455,4457,4452,4407,4433,4411,4435,4429,4453,4423,4434,4464,4451,4449,4426,4412,4450,4446,4417,4454
13 4474,4470,4473,4471,4472,4475
39 4479,4481,4480,4478,4477,4476
