234 5,11,3,9,1,4,2,10,0,8,7,6
1 27,30,34,19,25,32,24,26,31,36,17,21,29,14,16,28,20,23,22,18,40,13,35,15,12,33,39,37,41,38
4 48,44,50,42,47,52,51,46,45,53,43,49
16 56,63,65,64,55,54,61,59,60,58,57,62
18 66,83,91,108,99,82,103,95,106,113,70,76,94,97,107,93,69,98,92,90,72,84,110,111,68,89,100,74,104,81,96,102,85,75,71,87,101,109,80,67,79,86,78,112,88,73,77,105
19 120,114,124,115,116,118,119,121,123,117,122,125
21 146,153,158,159,157,147,126,137,161,143,129,141,128,144,150,155,138,156,160,152,127,145,151,142,149,135,154,134,139,136,140,133,148,132,131,130
23 174,170,176,163,162,164,167,175,169,172,171,168,178,166,165,179,173,177
24 187,184,181,188,183,185,189,182,186,180,190,191
25 194,193,203,202,200,199,197,196,201,195,198,192
28 209,217,207,212,216,218,206,213,215,214,220,205,210,211,219,208,204,221
30 233,237,226,238,236,223,232,235,230,225,234,222,239,224,227,231,228,229
31 257,252,251,248,256,241,244,247,245,250,240,249,255,246,254,243,242,253
32 270,259,275,262,273,260,265,266,278,269,263,264,261,267,276,277,274,258,271,268,281,272,279,280
216 290,283,296,309,315,282,312,302,300,292,299,289,286,317,297,320,291,294,307,301,316,311,285,298,323,310,308,304,313,319,287,295,305,303,293,322,284,288,306,314,318,321
34 331,360,358,364,332,374,345,340,324,361,373,368,367,336,362,347,343,363,349,371,339,326,329,335,351,359,353,341,330,375,377,342,354,346,333,352,355,376,325,344,357,366,365,350,369,338,334,328,327,348,337,356,372,370
40 382,384,392,395,387,385,381,390,380,383,379,391,378,388,389,386,393,394
41 396,401,400,409,404,402,410,408,412,403,399,398,405,411,406,407,397,413
42 417,426,420,425,416,422,421,414,428,431,415,424,423,419,430,427,429,418
199 436,435,433,434,437,432
160 450,441,456,473,444,448,457,452,461,451,449,472,469,471,470,442,439,468,440,454,445,446,467,465,463,459,443,466,460,447,462,464,455,438,458,453
47 475,486,520,495,503,485,504,482,509,488,513,519,497,517,480,514,474,499,494,502,477,505,476,507,511,508,500,484,518,490,478,498,510,493,492,483,481,501,516,506,515,491,479,521,487,489,496,512
78 524,541,526,529,544,549,547,542,532,534,539,551,536,545,548,540,550,537,525,538,531,530,535,533,546,522,543,528,527,523
48 558,554,553,563,556,562,552,559,555,557,560,561
53 569,575,572,570,568,564,574,571,573,567,566,565
250 586,591,583,579,577,584,587,589,585,581,576,582,590,580,592,578,588,593
49 596,598,603,595,604,594,602,605,600,599,601,597
257 610,609,607,606,611,608
22 618,619,623,622,620,613,615,617,621,616,612,614
67 633,639,659,640,646,637,655,634,643,626,635,648,642,628,644,624,630,650,645,658,632,653,638,631,636,649,625,647,629,627,652,656,657,651,654,641
68 672,663,691,680,668,693,677,675,674,687,685,661,669,667,666,689,692,670,683,665,664,686,660,688,694,684,682,673,681,678,690,662,676,679,671,695
69 703,705,707,700,699,704,706,701,696,698,697,702
71 714,708,722,710,713,725,716,711,712,715,709,718,720,724,721,719,723,717
74 728,731,736,734,735,732,729,727,733,730,737,726
75 758,774,765,793,755,761,776,759,775,754,796,766,741,753,760,777,790,756,789,778,745,743,742,770,782,771,781,795,763,788,768,773,797,748,751,786,783,784,762,787,744,772,757,764,769,780,749,747,738,746,785,792,740,779,752,767,739,794,750,791
76 803,799,800,801,798,802
159 808,814,805,807,811,809,810,815,812,806,813,804
80 835,829,893,853,831,882,902,887,828,854,909,891,843,838,904,889,906,859,827,903,876,826,908,872,842,821,905,834,833,898,823,899,850,845,894,817,848,873,911,830,816,840,818,869,883,822,907,886,884,868,870,897,847,890,861,900,852,851,863,881,825,874,819,836,862,855,858,896,875,871,864,849,824,895,856,832,844,846,879,839,860,910,820,865,901,885,867,888,878,857,880,892,837,841,866,877
82 919,924,921,912,914,920,916,913,927,923,915,925,926,922,918,917,928,929
83 969,962,937,960,967,938,945,930,959,954,950,932,946,977,970,951,935,956,942,940,968,974,948,957,975,949,936,973,952,933,943,963,972,976,944,953,947,965,964,931,961,971,939,966,934,958,941,955
84 982,980,981,978,983,979
87 1000,1005,1012,994,984,1006,986,1004,1011,1008,1009,998,999,1010,995,1002,989,996,1007,990,987,988,991,997,985,1001,1003,992,1013,993
88 1015,1018,1016,1019,1017,1014
90 1028,1030,1024,1020,1021,1031,1023,1027,1029,1026,1022,1025
92 1034,1039,1035,1041,1036,1042,1032,1033,1040,1043,1038,1037
96 1045,1049,1054,1046,1053,1044,1050,1048,1055,1047,1051,1052
98 1067,1066,1062,1057,1065,1060,1056,1061,1059,1058,1064,1063
97 1071,1079,1077,1075,1078,1074,1073,1080,1083,1084,1072,1082,1070,1085,1069,1081,1076,1068
102 1091,1089,1086,1087,1088,1090
190 1096,1094,1097,1093,1092,1095
105 1102,1101,1098,1100,1106,1103,1105,1099,1108,1107,1104,1109
50 1110,1113,1114,1112,1111,1115
106 1117,1118,1119,1121,1116,1120
108 1140,1129,1146,1145,1128,1143,1126,1127,1151,1148,1131,1149,1130,1142,1132,1150,1147,1139,1138,1133,1144,1134,1124,1123,1125,1141,1122,1136,1135,1137
112 1156,1163,1158,1161,1157,1162,1159,1152,1153,1155,1154,1160
119 1179,1164,1182,1172,1183,1184,1173,1177,1178,1175,1171,1168,1165,1176,1167,1166,1170,1187,1180,1181,1174,1169,1185,1186
120 1196,1199,1189,1198,1188,1192,1194,1193,1195,1191,1197,1190
121 1216,1213,1201,1218,1203,1217,1225,1208,1207,1220,1223,1224,1212,1200,1222,1226,1214,1209,1227,1219,1228,1221,1210,1206,1202,1215,1205,1229,1204,1211
122 1268,1269,1283,1261,1237,1231,1244,1271,1242,1243,1284,1279,1253,1239,1255,1230,1270,1232,1275,1274,1277,1286,1238,1272,1292,1285,1282,1264,1263,1236,1249,1265,1259,1276,1248,1289,1293,1256,1294,1246,1260,1240,1290,1241,1245,1252,1273,1257,1234,1288,1295,1281,1235,1280,1251,1287,1266,1278,1250,1254,1267,1233,1247,1258,1291,1262
65 1301,1300,1302,1309,1297,1307,1299,1305,1303,1306,1308,1304,1310,1298,1313,1296,1311,1312
124 1316,1319,1317,1314,1315,1318
125 1322,1321,1325,1320,1324,1323
115 1326,1331,1330,1327,1329,1328
126 1334,1332,1333,1335,1337,1336
128 1351,1341,1338,1346,1342,1344,1345,1343,1348,1347,1339,1355,1340,1349,1353,1354,1350,1352
131 1424,1397,1405,1444,1456,1471,1453,1365,1357,1448,1437,1431,1395,1377,1399,1430,1457,1458,1373,1369,1387,1360,1404,1474,1417,1363,1462,1406,1426,1438,1414,1356,1383,1359,1362,1408,1435,1460,1442,1410,1429,1398,1415,1401,1389,1445,1364,1393,1428,1427,1366,1439,1451,1463,1390,1422,1455,1407,1391,1465,1372,1411,1418,1433,1416,1358,1475,1381,1425,1394,1421,1361,1392,1367,1382,1368,1452,1370,1420,1434,1468,1384,1432,1423,1385,1413,1388,1464,1419,1472,1403,1461,1379,1386,1470,1454,1402,1443,1459,1374,1436,1469,1409,1378,1441,1375,1412,1400,1473,1440,1450,1447,1371,1396,1380,1467,1446,1376,1449,1466
129 1477,1481,1480,1479,1478,1476
130 1486,1483,1484,1487,1485,1482
134 1499,1490,1494,1492,1496,1491,1489,1498,1488,1493,1495,1497
138 1504,1501,1500,1502,1505,1503
142 1525,1512,1527,1511,1513,1515,1514,1520,1521,1510,1518,1528,1519,1526,1516,1522,1517,1507,1509,1508,1524,1523,1529,1506
144 1531,1533,1534,1532,1535,1530
60 1555,1538,1561,1551,1553,1556,1559,1566,1576,1572,1557,1537,1536,1548,1577,1575,1550,1554,1549,1558,1547,1560,1541,1562,1565,1540,1563,1539,1543,1552,1564,1568,1567,1546,1569,1542,1573,1545,1570,1571,1544,1574
146 1595,1582,1594,1584,1580,1587,1578,1579,1589,1591,1590,1588,1583,1592,1593,1586,1585,1581
147 1613,1600,1607,1608,1602,1605,1610,1598,1604,1611,1597,1601,1596,1599,1609,1603,1612,1606
148 1616,1614,1618,1617,1619,1615
151 1629,1627,1621,1623,1622,1631,1630,1624,1625,1626,1620,1628
152 1652,1641,1660,1666,1647,1661,1642,1656,1632,1643,1635,1646,1663,1650,1638,1633,1653,1648,1655,1654,1634,1636,1665,1645,1659,1639,1667,1640,1657,1637,1658,1651,1649,1662,1664,1644
153 1678,1685,1679,1668,1694,1691,1673,1687,1693,1689,1696,1672,1671,1697,1692,1674,1676,1681,1669,1682,1680,1677,1675,1695,1683,1688,1684,1690,1686,1670
165 1709,1710,1713,1698,1705,1711,1701,1706,1700,1703,1699,1704,1715,1708,1712,1702,1707,1714
167 1718,1719,1720,1721,1717,1716
168 1733,1728,1724,1731,1732,1723,1729,1725,1730,1726,1722,1727
169 1758,1745,1747,1749,1753,1741,1737,1764,1742,1744,1743,1751,1735,1765,1757,1766,1746,1762,1760,1734,1736,1767,1759,1754,1756,1738,1755,1748,1752,1763,1768,1740,1750,1769,1739,1761
171 1771,1779,1780,1776,1774,1777,1778,1772,1775,1770,1781,1773
172 1782,1787,1784,1783,1786,1785
175 1819,1815,1795,1799,1801,1817,1827,1823,1822,1809,1800,1803,1816,1832,1804,1813,1798,1820,1835,1830,1807,1808,1831,1811,1790,1805,1829,1802,1796,1812,1814,1791,1794,1834,1810,1828,1825,1797,1789,1821,1824,1788,1833,1792,1818,1793,1806,1826
177 1861,1863,1850,1860,1844,1839,1845,1838,1854,1837,1842,1841,1840,1865,1855,1846,1851,1849,1847,1843,1852,1836,1864,1857,1859,1862,1856,1853,1848,1858
178 1882,1874,1880,1866,1868,1875,1876,1878,1881,1867,1873,1872,1877,1870,1883,1879,1869,1871
179 1886,1884,1888,1887,1885,1889
182 1894,1893,1890,1895,1892,1891
183 1896,1901,1900,1903,1904,1897,1907,1899,1905,1898,1902,1906
73 1914,1923,1913,1916,1917,1911,1921,1918,1919,1920,1910,1912,1925,1922,1909,1908,1915,1924
184 1930,1937,1931,1935,1926,1929,1936,1933,1927,1928,1932,1934
186 1951,1959,1946,1942,1948,1938,1952,1947,1949,1953,1954,1960,1961,1958,1955,1944,1956,1941,1945,1939,1950,1943,1957,1940
187 1962,1993,1977,1963,1967,1997,1978,1968,1974,1996,1990,1992,1975,1969,1979,1981,1966,1976,1970,1988,1994,1982,1973,1971,1980,1987,1991,1984,1965,1986,1983,1989,1972,1985,1995,1964
255 2001,2003,1998,2008,2004,1999,2002,2000,2007,2009,2006,2005
188 2012,2029,2017,2023,2028,2021,2026,2016,2014,2032,2019,2020,2022,2033,2027,2025,2024,2031,2018,2030,2015,2010,2013,2011
109 2059,2053,2042,2037,2038,2047,2058,2056,2034,2057,2044,2060,2052,2061,2062,2046,2051,2063,2039,2048,2043,2035,2040,2049,2041,2050,2036,2055,2054,2045
191 2079,2080,2078,2066,2090,2070,2067,2093,2089,2072,2077,2076,2091,2069,2085,2083,2075,2087,2073,2088,2074,2071,2084,2065,2068,2092,2081,2064,2086,2082
193 2097,2102,2098,2095,2101,2104,2100,2103,2099,2094,2096,2105
194 2117,2112,2129,2109,2106,2123,2116,2110,2120,2124,2121,2126,2128,2108,2127,2113,2111,2125,2114,2119,2107,2118,2122,2115
196 2143,2148,2152,2146,2156,2138,2136,2142,2159,2158,2144,2149,2155,2147,2154,2139,2132,2140,2131,2135,2133,2141,2145,2130,2153,2157,2134,2137,2151,2150
198 2223,2218,2192,2220,2164,2165,2210,2184,2205,2199,2231,2183,2188,2204,2227,2216,2224,2213,2173,2161,2243,2175,2197,2196,2169,2171,2202,2179,2166,2203,2191,2194,2219,2222,2241,2212,2217,2221,2200,2225,2168,2180,2182,2181,2207,2160,2162,2170,2186,2190,2209,2201,2233,2230,2232,2163,2172,2242,2235,2167,2208,2229,2239,2206,2189,2215,2240,2185,2177,2226,2187,2236,2174,2228,2176,2237,2234,2214,2193,2238,2198,2211,2178,2195
200 2251,2249,2244,2248,2245,2253,2250,2255,2247,2252,2246,2254
201 2272,2261,2268,2265,2274,2259,2284,2281,2257,2277,2283,2270,2269,2262,2282,2263,2276,2267,2271,2285,2266,2258,2279,2264,2275,2278,2280,2260,2273,2256
202 2291,2293,2288,2304,2294,2312,2301,2311,2297,2287,2313,2299,2315,2309,2302,2290,2314,2300,2286,2310,2295,2303,2292,2298,2305,2296,2308,2306,2289,2307
204 2321,2320,2319,2318,2316,2317
206 2337,2339,2340,2329,2323,2330,2342,2335,2327,2322,2338,2343,2345,2333,2331,2334,2328,2326,2341,2332,2336,2325,2344,2324
208 2352,2347,2346,2357,2355,2354,2361,2358,2353,2360,2365,2369,2351,2359,2364,2362,2348,2356,2366,2349,2367,2368,2350,2363
245 2386,2372,2371,2387,2382,2376,2373,2370,2385,2381,2383,2374,2380,2384,2375,2378,2379,2377
209 2394,2393,2391,2398,2395,2399,2397,2388,2396,2390,2392,2389
210 2421,2422,2409,2419,2415,2410,2423,2414,2403,2400,2405,2417,2404,2420,2402,2401,2413,2412,2406,2411,2408,2407,2416,2418
214 2438,2427,2430,2461,2436,2451,2442,2429,2443,2464,2456,2447,2445,2437,2452,2457,2450,2454,2424,2455,2465,2440,2453,2439,2460,2448,2458,2449,2431,2433,2428,2434,2435,2426,2425,2432,2446,2441,2462,2444,2459,2463
215 2467,2466,2471,2469,2470,2468
217 2476,2475,2473,2477,2474,2472
219 2482,2487,2484,2495,2494,2492,2491,2490,2483,2479,2488,2478,2493,2481,2480,2485,2486,2489
221 2512,2509,2503,2502,2504,2506,2513,2505,2498,2510,2499,2508,2497,2507,2496,2501,2500,2511
222 2549,2551,2561,2545,2515,2526,2529,2530,2563,2544,2541,2571,2569,2527,2548,2566,2519,2572,2559,2558,2514,2517,2547,2538,2516,2555,2564,2523,2535,2554,2528,2536,2540,2562,2532,2573,2546,2539,2534,2552,2556,2518,2553,2521,2542,2531,2524,2543,2537,2565,2525,2522,2567,2570,2568,2520,2550,2557,2560,2533
223 2576,2591,2588,2584,2574,2589,2582,2587,2578,2579,2583,2590,2581,2586,2575,2585,2580,2577
227 2598,2601,2595,2599,2608,2596,2605,2600,2597,2606,2602,2603,2607,2593,2592,2594,2609,2604
229 2614,2611,2610,2615,2612,2613
232 2625,2633,2632,2617,2623,2627,2621,2629,2618,2619,2628,2622,2626,2631,2624,2630,2620,2616
235 2634,2635,2636,2637,2639,2638
236 2645,2643,2642,2640,2644,2641
110 2649,2647,2646,2650,2651,2648
239 2674,2685,2694,2688,2653,2660,2659,2698,2657,2695,2693,2699,2687,2671,2684,2678,2669,2697,2679,2664,2666,2656,2691,2677,2658,2696,2661,2667,2682,2663,2683,2689,2686,2680,2692,2681,2672,2676,2662,2670,2655,2675,2665,2652,2654,2690,2668,2673
55 2712,2717,2714,2727,2726,2716,2707,2728,2732,2734,2720,2710,2743,2739,2711,2740,2708,2709,2723,2705,2703,2700,2721,2715,2719,2733,2704,2738,2731,2729,2746,2744,2724,2722,2745,2702,2735,2706,2713,2718,2747,2737,2725,2742,2730,2741,2701,2736
246 2753,2748,2752,2749,2751,2750
248 2755,2758,2765,2760,2766,2768,2762,2763,2769,2771,2767,2756,2761,2759,2754,2757,2770,2764
253 2774,2781,2782,2778,2780,2773,2775,2776,2783,2777,2772,2779
254 2788,2785,2787,2786,2789,2784
256 2801,2798,2800,2795,2791,2793,2790,2794,2799,2792,2796,2797
258 2803,2809,2822,2816,2826,2846,2840,2841,2831,2845,2835,2830,2804,2815,2832,2812,2805,2808,2810,2848,2843,2802,2820,2849,2807,2827,2839,2823,2834,2836,2837,2829,2833,2824,2844,2811,2806,2819,2828,2814,2817,2842,2818,2821,2838,2813,2825,2847
259 2854,2855,2860,2853,2859,2856,2858,2852,2851,2850,2857,2861
260 2875,2879,2868,2864,2865,2874,2862,2878,2872,2870,2876,2867,2877,2863,2871,2869,2866,2873
262 2886,2884,2883,2880,2891,2881,2889,2887,2882,2885,2890,2888
263 2899,2900,2914,2897,2905,2893,2902,2898,2904,2915,2894,2895,2907,2896,2911,2892,2912,2913,2908,2901,2909,2903,2910,2906
123 2924,2926,2930,2929,2920,2931,2922,2921,2928,2919,2923,2925,2927,2916,2918,2932,2933,2917
224 2940,2945,2939,2941,2934,2944,2935,2937,2942,2943,2938,2936
103 2956,2951,2961,2960,2947,2968,2966,2959,2952,2962,2954,2958,2946,2949,2969,2965,2953,2964,2955,2950,2957,2967,2948,2963
5 2977,2979,2978,2975,2976,2970,2974,2971,2973,2980,2972,2981
62 2998,2982,3001,2993,2990,3002,2985,2994,2988,2996,2995,2991,2997,2999,2986,3005,2983,3000,2987,2992,3003,3004,2989,2984
145 3035,3022,3032,3024,3034,3007,3040,3031,3036,3012,3018,3027,3038,3010,3026,3008,3025,3006,3019,3030,3020,3028,3023,3021,3013,3029,3011,3009,3041,3015,3037,3033,3039,3014,3017,3016
72 3047,3044,3043,3046,3045,3042
163 3105,3057,3061,3101,3103,3100,3067,3072,3106,3077,3058,3081,3069,3052,3076,3087,3093,3086,3049,3088,3090,3071,3097,3098,3091,3085,3066,3051,3073,3107,3102,3082,3084,3089,3050,3055,3078,3092,3059,3068,3056,3065,3048,3080,3064,3054,3079,3063,3104,3062,3094,3075,3074,3060,3070,3099,3053,3083,3095,3096
150 3109,3112,3113,3110,3108,3111
38 3114,3119,3117,3116,3115,3118
8 3130,3120,3123,3125,3126,3124,3132,3129,3127,3134,3135,3136,3122,3121,3137,3131,3128,3133
27 3138,3142,3143,3139,3140,3141
79 3146,3149,3145,3144,3148,3147
61 3155,3170,3171,3179,3167,3165,3174,3181,3152,3176,3157,3184,3173,3156,3164,3150,3182,3175,3162,3183,3185,3163,3161,3178,3177,3180,3151,3160,3166,3169,3168,3159,3153,3158,3172,3154
176 3194,3202,3195,3198,3203,3196,3193,3201,3200,3187,3189,3188,3192,3186,3197,3191,3199,3190
154 3217,3220,3221,3209,3208,3210,3213,3207,3211,3212,3204,3219,3206,3216,3214,3205,3215,3218
33 3223,3222,3224,3225,3227,3226
7 3239,3228,3232,3231,3229,3233,3237,3240,3241,3242,3230,3234,3245,3236,3244,3235,3243,3238
189 3247,3250,3248,3249,3251,3246
89 3259,3279,3256,3277,3258,3263,3265,3254,3290,3281,3285,3269,3255,3278,3280,3272,3257,3270,3260,3252,3271,3275,3282,3274,3266,3289,3288,3253,3293,3286,3291,3264,3283,3262,3268,3267,3276,3284,3273,3287,3292,3261
100 3298,3295,3301,3299,3297,3304,3296,3302,3305,3294,3303,3300
17 3310,3311,3309,3308,3306,3307
35 3316,3313,3312,3314,3317,3315
63 3319,3320,3318,3321,3323,3322
2 3341,3330,3337,3329,3336,3346,3326,3324,3344,3347,3333,3328,3340,3345,3335,3327,3343,3325,3339,3342,3331,3334,3338,3332
58 3352,3354,3350,3348,3358,3357,3353,3351,3355,3349,3356,3359
173 3365,3372,3368,3362,3369,3377,3371,3363,3361,3364,3360,3370,3367,3374,3373,3375,3366,3376
158 3382,3379,3383,3378,3381,3380
113 3432,3390,3397,3436,3422,3402,3424,3405,3426,3423,3399,3385,3421,3407,3431,3391,3425,3420,3387,3403,3416,3419,3414,3430,3437,3434,3410,3417,3406,3433,3393,3418,3412,3384,3394,3404,3415,3408,3427,3413,3409,3395,3398,3429,3401,3435,3396,3400,3388,3411,3389,3428,3392,3386
114 3442,3443,3438,3441,3439,3440
9 3459,3458,3445,3451,3465,3444,3450,3449,3452,3467,3446,3454,3463,3466,3460,3447,3453,3461,3457,3464,3462,3455,3448,3456
251 3471,3469,3468,3470,3472,3473
43 3477,3479,3474,3476,3478,3475
10 3489,3487,3484,3495,3497,3485,3492,3481,3488,3496,3482,3494,3486,3491,3480,3490,3493,3483
241 3499,3502,3498,3503,3500,3501
226 3505,3517,3508,3521,3516,3520,3506,3524,3519,3514,3523,3527,3522,3504,3526,3513,3509,3511,3512,3518,3510,3507,3525,3515
155 3544,3543,3529,3533,3545,3538,3542,3547,3541,3535,3539,3552,3537,3557,3555,3540,3551,3546,3553,3531,3534,3530,3554,3549,3550,3548,3528,3556,3536,3532
164 3559,3562,3558,3563,3561,3560
81 3567,3581,3587,3584,3573,3578,3565,3585,3583,3568,3566,3575,3586,3572,3579,3577,3570,3569,3576,3574,3571,3582,3564,3580
44 3591,3590,3588,3589,3592,3593
20 3605,3604,3598,3597,3596,3595,3599,3600,3602,3594,3603,3601
45 3616,3623,3620,3615,3618,3614,3607,3617,3621,3606,3609,3619,3610,3612,3622,3611,3613,3608
77 3628,3627,3626,3643,3637,3667,3660,3665,3648,3638,3658,3671,3659,3657,3642,3661,3664,3663,3650,3646,3670,3653,3645,3656,3669,3630,3641,3632,3644,3652,3636,3624,3633,3629,3668,3649,3666,3654,3639,3662,3655,3631,3625,3647,3635,3634,3640,3651
11 3679,3677,3681,3680,3676,3675,3683,3678,3674,3672,3682,3673
203 3699,3712,3693,3703,3715,3688,3695,3702,3687,3707,3714,3701,3719,3706,3717,3690,3684,3691,3696,3709,3685,3708,3716,3686,3694,3697,3718,3705,3698,3700,3710,3692,3704,3689,3713,3711
230 3728,3727,3730,3731,3729,3722,3720,3721,3726,3725,3723,3724
181 3733,3743,3754,3739,3748,3738,3751,3749,3736,3752,3746,3744,3755,3742,3750,3741,3753,3747,3737,3734,3740,3732,3735,3745
57 3761,3760,3758,3759,3756,3757
213 3772,3764,3763,3774,3773,3769,3767,3770,3771,3768,3776,3775,3765,3762,3779,3766,3778,3777
3 3789,3787,3790,3780,3784,3785,3783,3781,3791,3788,3786,3782
228 3821,3794,3805,3809,3817,3807,3820,3819,3801,3811,3810,3803,3804,3795,3813,3818,3815,3796,3792,3816,3808,3797,3798,3802,3793,3812,3814,3806,3800,3799
139 3825,3836,3830,3822,3824,3843,3840,3839,3829,3844,3831,3827,3838,3826,3832,3823,3833,3837,3828,3842,3845,3841,3835,3834
46 3872,3878,3851,3879,3862,3877,3857,3874,3870,3866,3859,3876,3861,3865,3880,3868,3869,3875,3850,3846,3847,3849,3871,3863,3873,3858,3881,3864,3856,3867,3852,3853,3848,3860,3855,3854
64 3894,3884,3925,3882,3910,3892,3901,3923,3938,3917,3888,3904,3885,3941,3926,3897,3890,3931,3935,3912,3918,3900,3893,3924,3903,3937,3927,3909,3913,3921,3933,3929,3940,3920,3899,3936,3939,3915,3914,3934,3908,3891,3883,3895,3886,3930,3887,3898,3889,3922,3906,3919,3911,3905,3928,3916,3932,3907,3902,3896
26 3947,3946,3943,3942,3944,3945
243 3949,3948,3952,3951,3953,3950
91 3959,3956,3957,3955,3958,3954
0 3961,3964,3960,3965,3963,3962
162 3979,3969,3968,3976,3973,3989,3983,3981,3975,3984,3970,3967,3971,3986,3978,3972,3966,3980,3977,3987,3982,3988,3985,3974
132 3990,3991,3993,3998,3994,3995,3999,4001,4000,3997,3992,3996
36 4019,4005,4018,4015,4006,4016,4009,4020,4023,4022,4011,4002,4008,4010,4026,4021,4024,4013,4028,4029,4031,4030,4017,4004,4007,4025,4012,4027,4003,4014
156 4033,4036,4037,4032,4035,4034
107 4079,4045,4041,4043,4071,4077,4038,4050,4078,4048,4073,4046,4047,4051,4064,4062,4055,4040,4067,4054,4063,4053,4049,4066,4044,4042,4061,4069,4060,4065,4070,4072,4075,4076,4039,4074,4052,4058,4056,4059,4057,4068
249 4081,4087,4089,4085,4080,4082,4090,4091,4084,4086,4083,4088
85 4108,4109,4095,4098,4099,4107,4093,4092,4097,4104,4105,4096,4103,4102,4101,4100,4106,4094
225 4120,4127,4117,4114,4116,4126,4123,4115,4113,4125,4119,4111,4124,4118,4122,4110,4121,4112
231 4133,4132,4129,4128,4131,4130
240 4144,4136,4141,4142,4140,4134,4145,4143,4139,4137,4138,4135
135 4171,4156,4174,4163,4165,4178,4179,4152,4159,4168,4160,4158,4150,4172,4170,4162,4161,4153,4151,4155,4176,4147,4175,4173,4146,4154,4167,4157,4166,4149,4148,4164,4169,4181,4177,4180
207 4182,4187,4186,4185,4183,4184
197 4195,4188,4198,4200,4202,4189,4210,4192,4201,4191,4207,4206,4199,4193,4203,4204,4211,4209,4194,4208,4205,4197,4196,4190
15 4214,4213,4212,4215,4217,4216
252 4221,4222,4233,4220,4218,4223,4225,4231,4232,4234,4229,4219,4226,4224,4228,4230,4227,4235
185 4236,4242,4241,4244,4243,4240,4238,4247,4237,4246,4245,4239
6 4262,4249,4266,4253,4265,4261,4256,4257,4255,4263,4264,4252,4258,4254,4259,4269,4267,4248,4268,4260,4250,4270,4271,4251
161 4294,4308,4283,4274,4292,4297,4314,4307,4306,4289,4280,4300,4288,4296,4272,4293,4303,4305,4299,4285,4290,4278,4282,4301,4318,4284,4309,4302,4281,4298,4273,4276,4317,4287,4315,4304,4312,4311,4313,4286,4319,4291,4277,4279,4275,4295,4316,4310
218 4329,4327,4324,4321,4328,4320,4331,4322,4325,4323,4326,4330
136 4336,4334,4333,4341,4335,4339,4343,4340,4337,4342,4332,4338
94 4347,4346,4345,4351,4353,4349,4344,4348,4352,4350,4354,4355
37 4362,4363,4368,4376,4372,4396,4375,4364,4384,4381,4399,4358,4378,4373,4390,4369,4365,4356,4398,4359,4379,4392,4402,4357,4385,4389,4401,4387,4383,4388,4393,4391,4374,4400,4395,4397,4371,4394,4382,4361,4380,4366,4360,4367,4377,4386,4403,4370
149 4417,4450,4446,4449,4451,4454,4465,4453,4423,4441,4457,4459,4433,4469,4455,4460,4412,4414,4426,4409,4435,4429,4452,4461,4407,4462,4464,4458,4413,4404,4410,4440,4468,4436,4442,4463,4432,4411,4425,4408,4428,4419,4434,4420,4418,4406,4467,4444,4447,4424,4445,4416,4422,4439,4415,4431,4437,4405,4427,4448,4466,4421,4456,4430,4438,4443
13 4475,4471,4472,4473,4470,4474
39 4476,4480,4478,4477,4481,4479
